0.0000000000	1.0000000000
0.0250125063	1.0250639159
0.0500250125	1.0500617254
0.0750375188	1.0750659724
0.1000500250	1.1000729622
0.1250625313	1.1250813951
0.1500750375	1.1500906965
0.1750875438	1.1751005703
0.2001000500	1.2001108468
0.2251125563	1.2251214208
0.2501250625	1.2501322233
0.2751375688	1.2751432065
0.3001500750	1.3001543366
0.3251625813	1.3251655884
0.3501750875	1.3501769428
0.3751875938	1.3751883853
0.4002001001	1.4001999043
0.4252126063	1.4252114903
0.4502251126	1.4502231360
0.4752376188	1.4752348349
0.5002501251	1.5002465821
0.5252626313	1.5252583729
0.5502751376	1.5502702038
0.5752876438	1.5752820714
0.6003001501	1.6002939731
0.6253126563	1.6253059064
0.6503251626	1.6503178691
0.6753376688	1.6753298594
0.7003501751	1.7003418757
0.7253626813	1.7253539163
0.7503751876	1.7503659800
0.7753876938	1.7753780655
0.8004002001	1.8003901717
0.8254127064	1.8254022977
0.8504252126	1.8504144424
0.8754377189	1.8754266051
0.9004502251	1.9004387849
0.9254627314	1.9254509811
0.9504752376	1.9504631930
0.9754877439	1.9754754201
1.0005002501	2.0004876617
1.0255127564	2.0254999172
1.0505252626	2.0505121861
1.0755377689	2.0755244680
1.1005502751	2.1005367624
1.1255627814	2.1255490687
1.1505752876	2.1505613867
1.1755877939	2.1755737158
1.2006003002	2.2005860558
1.2256128064	2.2255984062
1.2506253127	2.2506107667
1.2756378189	2.2756231370
1.3006503252	2.3006355167
1.3256628314	2.3256479056
1.3506753377	2.3506603032
1.3756878439	2.3756727095
1.4007003502	2.4006851239
1.4257128564	2.4256975464
1.4507253627	2.4507099766
1.4757378689	2.4757224143
1.5007503752	2.5007348593
1.5257628814	2.5257473113
1.5507753877	2.5507597700
1.5757878939	2.5757722353
1.6008004002	2.6007847069
1.6258129065	2.6257971847
1.6508254127	2.6508096684
1.6758379190	2.6758221579
1.7008504252	2.7008346529
1.7258629315	2.7258471532
1.7508754377	2.7508596587
1.7758879440	2.7758721692
1.8009004502	2.8008846846
1.8259129565	2.8258972046
1.8509254627	2.8509097290
1.8759379690	2.8759222579
1.9009504752	2.9009347908
1.9259629815	2.9259473279
1.9509754877	2.9509598687
1.9759879940	2.9759724134
2.0010005003	3.0009849616
2.0260130065	3.0259975132
2.0510255128	3.0510100682
2.0760380190	3.0760226264
2.1010505253	3.1010351876
2.1260630315	3.1260477518
2.1510755378	3.1510603187
2.1760880440	3.1760728884
2.2011005503	3.2010854607
2.2261130565	3.2260980354
2.2511255628	3.2511106125
2.2761380690	3.2761231918
2.3011505753	3.3011357733
2.3261630815	3.3261483569
2.3511755878	3.3511609423
2.3761880940	3.3761735297
2.4012006003	3.4011861188
2.4262131066	3.4261987096
2.4512256128	3.4512113019
2.4762381191	3.4762238957
2.5012506253	3.5012364910
2.5262631316	3.5262490876
2.5512756378	3.5512616854
2.5762881441	3.5762742844
2.6013006503	3.6012868845
2.6263131566	3.6262994856
2.6513256628	3.6513120876
2.6763381691	3.6763246906
2.7013506753	3.7013372943
2.7263631816	3.7263498988
2.7513756878	3.7513625040
2.7763881941	3.7763751098
2.8014007004	3.8013877162
2.8264132066	3.8264003231
2.8514257129	3.8514129304
2.8764382191	3.8764255382
2.9014507254	3.9014381462
2.9264632316	3.9264507546
2.9514757379	3.9514633632
2.9764882441	3.9764759720
3.0015007504	4.0014885809
3.0265132566	4.0265011900
3.0515257629	4.0515137991
3.0765382691	4.0765264082
3.1015507754	4.1015390174
3.1265632816	4.1265516264
3.1515757879	4.1515642354
3.1765882941	4.1765768442
3.2016008004	4.2015894528
3.2266133067	4.2266020613
3.2516258129	4.2516146695
3.2766383192	4.2766272774
3.3016508254	4.3016398851
3.3266633317	4.3266524924
3.3516758379	4.3516650994
3.3766883442	4.3766777060
3.4017008504	4.4016903122
3.4267133567	4.4267029180
3.4517258629	4.4517155233
3.4767383692	4.4767281281
3.5017508754	4.5017407325
3.5267633817	4.5267533363
3.5517758879	4.5517659396
3.5767883942	4.5767785423
3.6018009005	4.6017911445
3.6268134067	4.6268037461
3.6518259130	4.6518163471
3.6768384192	4.6768289475
3.7018509255	4.7018415472
3.7268634317	4.7268541463
3.7518759380	4.7518667447
3.7768884442	4.7768793425
3.8019009505	4.8018919396
3.8269134567	4.8269045360
3.8519259630	4.8519171317
3.8769384692	4.8769297267
3.9019509755	4.9019423210
3.9269634817	4.9269549145
3.9519759880	4.9519675073
3.9769884942	4.9769800994
4.0020010005	5.0019926908
4.0270135068	5.0270052813
4.0520260130	5.0520178712
4.0770385193	5.0770304602
4.1020510255	5.1020430485
4.1270635318	5.1270556361
4.1520760380	5.1520682228
4.1770885443	5.1770808088
4.2021010505	5.2020933941
4.2271135568	5.2271059785
4.2521260630	5.2521185622
4.2771385693	5.2771311451
4.3021510755	5.3021437272
4.3271635818	5.3271563085
4.3521760880	5.3521688891
4.3771885943	5.3771814688
4.4022011006	5.4021940478
4.4272136068	5.4272066261
4.4522261131	5.4522192035
4.4772386193	5.4772317802
4.5022511256	5.5022443561
4.5272636318	5.5272569312
4.5522761381	5.5522695056
4.5772886443	5.5772820792
4.6023011506	5.6022946521
4.6273136568	5.6273072242
4.6523261631	5.6523197955
4.6773386693	5.6773323661
4.7023511756	5.7023449360
4.7273636818	5.7273575051
4.7523761881	5.7523700735
4.7773886943	5.7773826411
4.8024012006	5.8023952080
4.8274137069	5.8274077742
4.8524262131	5.8524203397
4.8774387194	5.8774329045
4.9024512256	5.9024454685
4.9274637319	5.9274580319
4.9524762381	5.9524705945
4.9774887444	5.9774831565
5.0025012506	6.0024957178
5.0275137569	6.0275082784
5.0525262631	6.0525208383
5.0775387694	6.0775333976
5.1025512756	6.1025459562
5.1275637819	6.1275585142
5.1525762881	6.1525710715
5.1775887944	6.1775836281
5.2026013007	6.2025961841
5.2276138069	6.2276087395
5.2526263132	6.2526212943
5.2776388194	6.2776338484
5.3026513257	6.3026464020
5.3276638319	6.3276589549
5.3526763382	6.3526715072
5.3776888444	6.3776840590
5.4027013507	6.4026966101
5.4277138569	6.4277091607
5.4527263632	6.4527217107
5.4777388694	6.4777342601
5.5027513757	6.5027468090
5.5277638819	6.5277593573
5.5527763882	6.5527719051
5.5777888944	6.5777844523
5.6028014007	6.6027969990
5.6278139070	6.6278095452
5.6528264132	6.6528220908
5.6778389195	6.6778346359
5.7028514257	6.7028471806
5.7278639320	6.7278597247
5.7528764382	6.7528722683
5.7778889445	6.7778848114
5.8029014507	6.8028973541
5.8279139570	6.8279098962
5.8529264632	6.8529224379
5.8779389695	6.8779349792
5.9029514757	6.9029475199
5.9279639820	6.9279600602
5.9529764882	6.9529726001
5.9779889945	6.9779851395
6.0030015008	7.0029976785
6.0280140070	7.0280102171
6.0530265133	7.0530227552
6.0780390195	7.0780352929
6.1030515258	7.1030478302
6.1280640320	7.1280603671
6.1530765383	7.1530729036
6.1780890445	7.1780854397
6.2031015508	7.2030979754
6.2281140570	7.2281105108
6.2531265633	7.2531230457
6.2781390695	7.2781355803
6.3031515758	7.3031481145
6.3281640820	7.3281606483
6.3531765883	7.3531731818
6.3781890945	7.3781857149
6.4032016008	7.4031982477
6.4282141071	7.4282107802
6.4532266133	7.4532233123
6.4782391196	7.4782358440
6.5032516258	7.5032483755
6.5282641321	7.5282609066
6.5532766383	7.5532734374
6.5782891446	7.5782859679
6.6033016508	7.6032984981
6.6283141571	7.6283110279
6.6533266633	7.6533235575
6.6783391696	7.6783360868
6.7033516758	7.7033486157
6.7283641821	7.7283611444
6.7533766883	7.7533736729
6.7783891946	7.7783862010
6.8034017009	7.8033987289
6.8284142071	7.8284112564
6.8534267134	7.8534237838
6.8784392196	7.8784363108
6.9034517259	7.9034488376
6.9284642321	7.9284613642
6.9534767384	7.9534738905
6.9784892446	7.9784864165
7.0035017509	8.0034989423
7.0285142571	8.0285114679
7.0535267634	8.0535239932
7.0785392696	8.0785365184
7.1035517759	8.1035490432
7.1285642821	8.1285615679
7.1535767884	8.1535740923
7.1785892946	8.1785866165
7.2036018009	8.2035991405
7.2286143072	8.2286116643
7.2536268134	8.2536241879
7.2786393197	8.2786367112
7.3036518259	8.3036492344
7.3286643322	8.3286617574
7.3536768384	8.3536742801
7.3786893447	8.3786868027
7.4037018509	8.4036993251
7.4287143572	8.4287118473
7.4537268634	8.4537243693
7.4787393697	8.4787368912
7.5037518759	8.5037494128
7.5287643822	8.5287619343
7.5537768884	8.5537744556
7.5787893947	8.5787869768
7.6038019010	8.6037994977
7.6288144072	8.6288120185
7.6538269135	8.6538245392
7.6788394197	8.6788370597
7.7038519260	8.7038495800
7.7288644322	8.7288621002
7.7538769385	8.7538746202
7.7788894447	8.7788871400
7.8039019510	8.8038996598
7.8289144572	8.8289121793
7.8539269635	8.8539246988
7.8789394697	8.8789372180
7.9039519760	8.9039497372
7.9289644822	8.9289622562
7.9539769885	8.9539747751
7.9789894947	8.9789872938
8.0040020010	9.0039998124
8.0290145073	9.0290123309
8.0540270135	9.0540248492
8.0790395198	9.0790373674
8.1040520260	9.1040498855
8.1290645323	9.1290624035
8.1540770385	9.1540749214
8.1790895448	9.1790874391
8.2041020510	9.2040999567
8.2291145573	9.2291124742
8.2541270635	9.2541249916
8.2791395698	9.2791375089
8.3041520760	9.3041500260
8.3291645823	9.3291625431
8.3541770885	9.3541750600
8.3791895948	9.3791875769
8.4042021011	9.4042000936
8.4292146073	9.4292126103
8.4542271136	9.4542251268
8.4792396198	9.4792376432
8.5042521261	9.5042501596
8.5292646323	9.5292626758
8.5542771386	9.5542751920
8.5792896448	9.5792877080
8.6043021511	9.6043002240
8.6293146573	9.6293127398
8.6543271636	9.6543252556
8.6793396698	9.6793377713
8.7043521761	9.7043502869
8.7293646823	9.7293628024
8.7543771886	9.7543753178
8.7793896948	9.7793878332
8.8044022011	9.8044003484
8.8294147074	9.8294128636
8.8544272136	9.8544253787
8.8794397199	9.8794378937
8.9044522261	9.9044504087
8.9294647324	9.9294629235
8.9544772386	9.9544754383
8.9794897449	9.9794879530
9.0045022511	10.0045004677
9.0295147574	10.0295129822
9.0545272636	10.0545254967
9.0795397699	10.0795380111
9.1045522761	10.1045505255
9.1295647824	10.1295630398
9.1545772886	10.1545755540
9.1795897949	10.1795880681
9.2046023012	10.2046005822
9.2296148074	10.2296130962
9.2546273137	10.2546256101
9.2796398199	10.2796381240
9.3046523262	10.3046506378
9.3296648324	10.3296631516
9.3546773387	10.3546756653
9.3796898449	10.3796881789
9.4047023512	10.4047006925
9.4297148574	10.4297132060
9.4547273637	10.4547257194
9.4797398699	10.4797382328
9.5047523762	10.5047507461
9.5297648824	10.5297632594
9.5547773887	10.5547757726
9.5797898949	10.5797882858
9.6048024012	10.6048007989
9.6298149075	10.6298133120
9.6548274137	10.6548258250
9.6798399200	10.6798383379
9.7048524262	10.7048508508
9.7298649325	10.7298633637
9.7548774387	10.7548758765
9.7798899450	10.7798883892
9.8049024512	10.8049009019
9.8299149575	10.8299134145
9.8549274637	10.8549259271
9.8799399700	10.8799384397
9.9049524762	10.9049509522
9.9299649825	10.9299634647
9.9549774887	10.9549759771
9.9799899950	10.9799884894
10.0050025013	11.0050010017
10.0300150075	11.0300135140
10.0550275138	11.0550260262
10.0800400200	11.0800385384
10.1050525263	11.1050510506
10.1300650325	11.1300635627
10.1550775388	11.1550760747
10.1800900450	11.1800885867
10.2051025513	11.2051010987
10.2301150575	11.2301136107
10.2551275638	11.2551261225
10.2801400700	11.2801386344
10.3051525763	11.3051511462
10.3301650825	11.3301636580
10.3551775888	11.3551761697
10.3801900950	11.3801886814
10.4052026013	11.4052011931
10.4302151076	11.4302137047
10.4552276138	11.4552262163
10.4802401201	11.4802387278
10.5052526263	11.5052512393
10.5302651326	11.5302637508
10.5552776388	11.5552762622
10.5802901451	11.5802887737
10.6053026513	11.6053012850
10.6303151576	11.6303137964
10.6553276638	11.6553263077
10.6803401701	11.6803388189
10.7053526763	11.7053513302
10.7303651826	11.7303638414
10.7553776888	11.7553763525
10.7803901951	11.7803888637
10.8054027014	11.8054013748
10.8304152076	11.8304138858
10.8554277139	11.8554263969
10.8804402201	11.8804389079
10.9054527264	11.9054514189
10.9304652326	11.9304639298
10.9554777389	11.9554764407
10.9804902451	11.9804889516
11.0055027514	12.0055014625
11.0305152576	12.0305139733
11.0555277639	12.0555264841
11.0805402701	12.0805389949
11.1055527764	12.1055515056
11.1305652826	12.1305640163
11.1555777889	12.1555765270
11.1805902951	12.1805890377
11.2056028014	12.2056015483
11.2306153077	12.2306140589
11.2556278139	12.2556265695
11.2806403202	12.2806390800
11.3056528264	12.3056515906
11.3306653327	12.3306641011
11.3556778389	12.3556766115
11.3806903452	12.3806891220
11.4057028514	12.4057016324
11.4307153577	12.4307141428
11.4557278639	12.4557266532
11.4807403702	12.4807391635
11.5057528764	12.5057516738
11.5307653827	12.5307641841
11.5557778889	12.5557766944
11.5807903952	12.5807892046
11.6058029015	12.6058017149
11.6308154077	12.6308142251
11.6558279140	12.6558267352
11.6808404202	12.6808392454
11.7058529265	12.7058517555
11.7308654327	12.7308642656
11.7558779390	12.7558767757
11.7808904452	12.7808892858
11.8059029515	12.8059017958
11.8309154577	12.8309143059
11.8559279640	12.8559268159
11.8809404702	12.8809393258
11.9059529765	12.9059518358
11.9309654827	12.9309643457
11.9559779890	12.9559768556
11.9809904952	12.9809893655
12.0060030015	13.0060018754
12.0310155078	13.0310143853
12.0560280140	13.0560268951
12.0810405203	13.0810394049
12.1060530265	13.1060519147
12.1310655328	13.1310644245
12.1560780390	13.1560769342
12.1810905453	13.1810894439
12.2061030515	13.2061019537
12.2311155578	13.2311144634
12.2561280640	13.2561269730
12.2811405703	13.2811394827
12.3061530765	13.3061519923
12.3311655828	13.3311645019
12.3561780890	13.3561770115
12.3811905953	13.3811895211
12.4062031016	13.4062020307
12.4312156078	13.4312145402
12.4562281141	13.4562270498
12.4812406203	13.4812395593
12.5062531266	13.5062520688
12.5312656328	13.5312645782
12.5562781391	13.5562770877
12.5812906453	13.5812895972
12.6063031516	13.6063021066
12.6313156578	13.6313146160
12.6563281641	13.6563271254
12.6813406703	13.6813396348
12.7063531766	13.7063521441
12.7313656828	13.7313646535
12.7563781891	13.7563771628
12.7813906953	13.7813896721
12.8064032016	13.8064021814
12.8314157079	13.8314146907
12.8564282141	13.8564271999
12.8814407204	13.8814397092
12.9064532266	13.9064522184
12.9314657329	13.9314647276
12.9564782391	13.9564772368
12.9814907454	13.9814897460
13.0065032516	14.0065022552
13.0315157579	14.0315147643
13.0565282641	14.0565272735
13.0815407704	14.0815397826
13.1065532766	14.1065522917
13.1315657829	14.1315648008
13.1565782891	14.1565773099
13.1815907954	14.1815898190
13.2066033017	14.2066023280
13.2316158079	14.2316148371
13.2566283142	14.2566273461
13.2816408204	14.2816398551
13.3066533267	14.3066523641
13.3316658329	14.3316648731
13.3566783392	14.3566773821
13.3816908454	14.3816898910
13.4067033517	14.4067024000
13.4317158579	14.4317149089
13.4567283642	14.4567274178
13.4817408704	14.4817399267
13.5067533767	14.5067524356
13.5317658829	14.5317649445
13.5567783892	14.5567774534
13.5817908954	14.5817899622
13.6068034017	14.6068024711
13.6318159080	14.6318149799
13.6568284142	14.6568274887
13.6818409205	14.6818399975
13.7068534267	14.7068525063
13.7318659330	14.7318650151
13.7568784392	14.7568775239
13.7818909455	14.7818900326
13.8069034517	14.8069025414
13.8319159580	14.8319150501
13.8569284642	14.8569275588
13.8819409705	14.8819400675
13.9069534767	14.9069525762
13.9319659830	14.9319650849
13.9569784892	14.9569775936
13.9819909955	14.9819901023
14.0070035018	15.0070026109
14.0320160080	15.0320151196
14.0570285143	15.0570276282
14.0820410205	15.0820401368
14.1070535268	15.1070526454
14.1320660330	15.1320651540
14.1570785393	15.1570776626
14.1820910455	15.1820901712
14.2071035518	15.2071026798
14.2321160580	15.2321151883
14.2571285643	15.2571276969
14.2821410705	15.2821402054
14.3071535768	15.3071527139
14.3321660830	15.3321652224
14.3571785893	15.3571777309
14.3821910955	15.3821902394
14.4072036018	15.4072027479
14.4322161081	15.4322152564
14.4572286143	15.4572277648
14.4822411206	15.4822402733
14.5072536268	15.5072527817
14.5322661331	15.5322652902
14.5572786393	15.5572777986
14.5822911456	15.5822903070
14.6073036518	15.6073028154
14.6323161581	15.6323153238
14.6573286643	15.6573278322
14.6823411706	15.6823403406
14.7073536768	15.7073528489
14.7323661831	15.7323653573
14.7573786893	15.7573778656
14.7823911956	15.7823903740
14.8074037019	15.8074028823
14.8324162081	15.8324153906
14.8574287144	15.8574278989
14.8824412206	15.8824404072
14.9074537269	15.9074529155
14.9324662331	15.9324654238
14.9574787394	15.9574779321
14.9824912456	15.9824904404
15.0075037519	16.0075029486
15.0325162581	16.0325154569
15.0575287644	16.0575279651
15.0825412706	16.0825404733
15.1075537769	16.1075529816
15.1325662831	16.1325654898
15.1575787894	16.1575779980
15.1825912956	16.1825905062
15.2076038019	16.2076030144
15.2326163082	16.2326155226
15.2576288144	16.2576280307
15.2826413207	16.2826405389
15.3076538269	16.3076530471
15.3326663332	16.3326655552
15.3576788394	16.3576780634
15.3826913457	16.3826905715
15.4077038519	16.4077030796
15.4327163582	16.4327155877
15.4577288644	16.4577280959
15.4827413707	16.4827406040
15.5077538769	16.5077531120
15.5327663832	16.5327656201
15.5577788894	16.5577781282
15.5827913957	16.5827906363
15.6078039020	16.6078031444
15.6328164082	16.6328156524
15.6578289145	16.6578281605
15.6828414207	16.6828406685
15.7078539270	16.7078531765
15.7328664332	16.7328656846
15.7578789395	16.7578781926
15.7828914457	16.7828907006
15.8079039520	16.8079032086
15.8329164582	16.8329157166
15.8579289645	16.8579282246
15.8829414707	16.8829407326
15.9079539770	16.9079532406
15.9329664832	16.9329657485
15.9579789895	16.9579782565
15.9829914957	16.9829907645
16.0080040020	17.0080032724
16.0330165083	17.0330157804
16.0580290145	17.0580282883
16.0830415208	17.0830407962
16.1080540270	17.1080533042
16.1330665333	17.1330658121
16.1580790395	17.1580783200
16.1830915458	17.1830908279
16.2081040520	17.2081033358
16.2331165583	17.2331158437
16.2581290645	17.2581283516
16.2831415708	17.2831408594
16.3081540770	17.3081533673
16.3331665833	17.3331658752
16.3581790895	17.3581783830
16.3831915958	17.3831908909
16.4082041021	17.4082033987
16.4332166083	17.4332159066
16.4582291146	17.4582284144
16.4832416208	17.4832409222
16.5082541271	17.5082534301
16.5332666333	17.5332659379
16.5582791396	17.5582784457
16.5832916458	17.5832909535
16.6083041521	17.6083034613
16.6333166583	17.6333159691
16.6583291646	17.6583284769
16.6833416708	17.6833409847
16.7083541771	17.7083534924
16.7333666833	17.7333660002
16.7583791896	17.7583785080
16.7833916958	17.7833910157
16.8084042021	17.8084035235
16.8334167084	17.8334160312
16.8584292146	17.8584285390
16.8834417209	17.8834410467
16.9084542271	17.9084535544
16.9334667334	17.9334660622
16.9584792396	17.9584785699
16.9834917459	17.9834910776
17.0085042521	18.0085035853
17.0335167584	18.0335160930
17.0585292646	18.0585286007
17.0835417709	18.0835411084
17.1085542771	18.1085536161
17.1335667834	18.1335661237
17.1585792896	18.1585786314
17.1835917959	18.1835911391
17.2086043022	18.2086036468
17.2336168084	18.2336161544
17.2586293147	18.2586286621
17.2836418209	18.2836411697
17.3086543272	18.3086536774
17.3336668334	18.3336661850
17.3586793397	18.3586786926
17.3836918459	18.3836912003
17.4087043522	18.4087037079
17.4337168584	18.4337162155
17.4587293647	18.4587287231
17.4837418709	18.4837412307
17.5087543772	18.5087537383
17.5337668834	18.5337662459
17.5587793897	18.5587787535
17.5837918959	18.5837912611
17.6088044022	18.6088037687
17.6338169085	18.6338162763
17.6588294147	18.6588287839
17.6838419210	18.6838412914
17.7088544272	18.7088537990
17.7338669335	18.7338663066
17.7588794397	18.7588788141
17.7838919460	18.7838913217
17.8089044522	18.8089038292
17.8339169585	18.8339163367
17.8589294647	18.8589288443
17.8839419710	18.8839413518
17.9089544772	18.9089538593
17.9339669835	18.9339663669
17.9589794897	18.9589788744
17.9839919960	18.9839913819
18.0090045023	19.0090038894
18.0340170085	19.0340163969
18.0590295148	19.0590289044
18.0840420210	19.0840414119
18.1090545273	19.1090539194
18.1340670335	19.1340664269
18.1590795398	19.1590789344
18.1840920460	19.1840914419
18.2091045523	19.2091039493
18.2341170585	19.2341164568
18.2591295648	19.2591289643
18.2841420710	19.2841414717
18.3091545773	19.3091539792
18.3341670835	19.3341664867
18.3591795898	19.3591789941
18.3841920960	19.3841915016
18.4092046023	19.4092040090
18.4342171086	19.4342165164
18.4592296148	19.4592290239
18.4842421211	19.4842415313
18.5092546273	19.5092540387
18.5342671336	19.5342665462
18.5592796398	19.5592790536
18.5842921461	19.5842915610
18.6093046523	19.6093040684
18.6343171586	19.6343165758
18.6593296648	19.6593290832
18.6843421711	19.6843415906
18.7093546773	19.7093540980
18.7343671836	19.7343666054
18.7593796898	19.7593791128
18.7843921961	19.7843916202
18.8094047024	19.8094041275
18.8344172086	19.8344166349
18.8594297149	19.8594291423
18.8844422211	19.8844416497
18.9094547274	19.9094541570
18.9344672336	19.9344666644
18.9594797399	19.9594791717
18.9844922461	19.9844916791
19.0095047524	20.0095041864
19.0345172586	20.0345166938
19.0595297649	20.0595292011
19.0845422711	20.0845417085
19.1095547774	20.1095542158
19.1345672836	20.1345667231
19.1595797899	20.1595792305
19.1845922961	20.1845917378
19.2096048024	20.2096042451
19.2346173087	20.2346167524
19.2596298149	20.2596292598
19.2846423212	20.2846417671
19.3096548274	20.3096542744
19.3346673337	20.3346667817
19.3596798399	20.3596792890
19.3846923462	20.3846917963
19.4097048524	20.4097043036
19.4347173587	20.4347168109
19.4597298649	20.4597293181
19.4847423712	20.4847418254
19.5097548774	20.5097543327
19.5347673837	20.5347668400
19.5597798899	20.5597793473
19.5847923962	20.5847918545
19.6098049025	20.6098043618
19.6348174087	20.6348168691
19.6598299150	20.6598293763
19.6848424212	20.6848418836
19.7098549275	20.7098543908
19.7348674337	20.7348668981
19.7598799400	20.7598794053
19.7848924462	20.7848919126
19.8099049525	20.8099044198
19.8349174587	20.8349169271
19.8599299650	20.8599294343
19.8849424712	20.8849419415
19.9099549775	20.9099544488
19.9349674837	20.9349669560
19.9599799900	20.9599794632
19.9849924962	20.9849919704
20.0100050025	21.0100044776
20.0350175088	21.0350169849
20.0600300150	21.0600294921
20.0850425213	21.0850419993
20.1100550275	21.1100545065
20.1350675338	21.1350670137
20.1600800400	21.1600795209
20.1850925463	21.1850920281
20.2101050525	21.2101045353
20.2351175588	21.2351170425
20.2601300650	21.2601295496
20.2851425713	21.2851420568
20.3101550775	21.3101545640
20.3351675838	21.3351670712
20.3601800900	21.3601795784
20.3851925963	21.3851920855
20.4102051026	21.4102045927
20.4352176088	21.4352170999
20.4602301151	21.4602296070
20.4852426213	21.4852421142
20.5102551276	21.5102546214
20.5352676338	21.5352671285
20.5602801401	21.5602796357
20.5852926463	21.5852921428
20.6103051526	21.6103046500
20.6353176588	21.6353171571
20.6603301651	21.6603296643
20.6853426713	21.6853421714
20.7103551776	21.7103546785
20.7353676838	21.7353671857
20.7603801901	21.7603796928
20.7853926963	21.7853921999
20.8104052026	21.8104047071
20.8354177089	21.8354172142
20.8604302151	21.8604297213
20.8854427214	21.8854422284
20.9104552276	21.9104547355
20.9354677339	21.9354672427
20.9604802401	21.9604797498
20.9854927464	21.9854922569
21.0105052526	22.0105047640
21.0355177589	22.0355172711
21.0605302651	22.0605297782
21.0855427714	22.0855422853
21.1105552776	22.1105547924
21.1355677839	22.1355672995
21.1605802901	22.1605798066
21.1855927964	22.1855923137
21.2106053027	22.2106048207
21.2356178089	22.2356173278
21.2606303152	22.2606298349
21.2856428214	22.2856423420
21.3106553277	22.3106548491
21.3356678339	22.3356673561
21.3606803402	22.3606798632
21.3856928464	22.3856923703
21.4107053527	22.4107048773
21.4357178589	22.4357173844
21.4607303652	22.4607298915
21.4857428714	22.4857423985
21.5107553777	22.5107549056
21.5357678839	22.5357674126
21.5607803902	22.5607799197
21.5857928964	22.5857924267
21.6108054027	22.6108049338
21.6358179090	22.6358174408
21.6608304152	22.6608299479
21.6858429215	22.6858424549
21.7108554277	22.7108549620
21.7358679340	22.7358674690
21.7608804402	22.7608799760
21.7858929465	22.7858924831
21.8109054527	22.8109049901
21.8359179590	22.8359174971
21.8609304652	22.8609300041
21.8859429715	22.8859425112
21.9109554777	22.9109550182
21.9359679840	22.9359675252
21.9609804902	22.9609800322
21.9859929965	22.9859925392
22.0110055028	23.0110050463
22.0360180090	23.0360175533
22.0610305153	23.0610300603
22.0860430215	23.0860425673
22.1110555278	23.1110550743
22.1360680340	23.1360675813
22.1610805403	23.1610800883
22.1860930465	23.1860925953
22.2111055528	23.2111051023
22.2361180590	23.2361176093
22.2611305653	23.2611301163
22.2861430715	23.2861426232
22.3111555778	23.3111551302
22.3361680840	23.3361676372
22.3611805903	23.3611801442
22.3861930965	23.3861926512
22.4112056028	23.4112051582
22.4362181091	23.4362176651
22.4612306153	23.4612301721
22.4862431216	23.4862426791
22.5112556278	23.5112551861
22.5362681341	23.5362676930
22.5612806403	23.5612802000
22.5862931466	23.5862927070
22.6113056528	23.6113052139
22.6363181591	23.6363177209
22.6613306653	23.6613302278
22.6863431716	23.6863427348
22.7113556778	23.7113552418
22.7363681841	23.7363677487
22.7613806903	23.7613802557
22.7863931966	23.7863927626
22.8114057029	23.8114052696
22.8364182091	23.8364177765
22.8614307154	23.8614302834
22.8864432216	23.8864427904
22.9114557279	23.9114552973
22.9364682341	23.9364678043
22.9614807404	23.9614803112
22.9864932466	23.9864928181
23.0115057529	24.0115053251
23.0365182591	24.0365178320
23.0615307654	24.0615303389
23.0865432716	24.0865428459
23.1115557779	24.1115553528
23.1365682841	24.1365678597
23.1615807904	24.1615803666
23.1865932966	24.1865928735
23.2116058029	24.2116053805
23.2366183092	24.2366178874
23.2616308154	24.2616303943
23.2866433217	24.2866429012
23.3116558279	24.3116554081
23.3366683342	24.3366679150
23.3616808404	24.3616804219
23.3866933467	24.3866929288
23.4117058529	24.4117054357
23.4367183592	24.4367179426
23.4617308654	24.4617304495
23.4867433717	24.4867429564
23.5117558779	24.5117554633
23.5367683842	24.5367679702
23.5617808904	24.5617804771
23.5867933967	24.5867929840
23.6118059030	24.6118054909
23.6368184092	24.6368179978
23.6618309155	24.6618305047
23.6868434217	24.6868430116
23.7118559280	24.7118555185
23.7368684342	24.7368680253
23.7618809405	24.7618805322
23.7868934467	24.7868930391
23.8119059530	24.8119055460
23.8369184592	24.8369180529
23.8619309655	24.8619305597
23.8869434717	24.8869430666
23.9119559780	24.9119555735
23.9369684842	24.9369680803
23.9619809905	24.9619805872
23.9869934967	24.9869930941
24.0120060030	25.0120056009
24.0370185093	25.0370181078
24.0620310155	25.0620306147
24.0870435218	25.0870431215
24.1120560280	25.1120556284
24.1370685343	25.1370681352
24.1620810405	25.1620806421
24.1870935468	25.1870931489
24.2121060530	25.2121056558
24.2371185593	25.2371181626
24.2621310655	25.2621306695
24.2871435718	25.2871431763
24.3121560780	25.3121556832
24.3371685843	25.3371681900
24.3621810905	25.3621806969
24.3871935968	25.3871932037
24.4122061031	25.4122057106
24.4372186093	25.4372182174
24.4622311156	25.4622307242
24.4872436218	25.4872432311
24.5122561281	25.5122557379
24.5372686343	25.5372682447
24.5622811406	25.5622807516
24.5872936468	25.5872932584
24.6123061531	25.6123057652
24.6373186593	25.6373182720
24.6623311656	25.6623307789
24.6873436718	25.6873432857
24.7123561781	25.7123557925
24.7373686843	25.7373682993
24.7623811906	25.7623808062
24.7873936968	25.7873933130
24.8124062031	25.8124058198
24.8374187094	25.8374183266
24.8624312156	25.8624308334
24.8874437219	25.8874433402
24.9124562281	25.9124558470
24.9374687344	25.9374683538
24.9624812406	25.9624808607
24.9874937469	25.9874933675
25.0125062531	26.0125058743
25.0375187594	26.0375183811
25.0625312656	26.0625308879
25.0875437719	26.0875433947
25.1125562781	26.1125559015
25.1375687844	26.1375684083
25.1625812906	26.1625809151
25.1875937969	26.1875934219
25.2126063032	26.2126059287
25.2376188094	26.2376184355
25.2626313157	26.2626309422
25.2876438219	26.2876434490
25.3126563282	26.3126559558
25.3376688344	26.3376684626
25.3626813407	26.3626809694
25.3876938469	26.3876934762
25.4127063532	26.4127059830
25.4377188594	26.4377184898
25.4627313657	26.4627309965
25.4877438719	26.4877435033
25.5127563782	26.5127560101
25.5377688844	26.5377685169
25.5627813907	26.5627810236
25.5877938969	26.5877935304
25.6128064032	26.6128060372
25.6378189095	26.6378185440
25.6628314157	26.6628310507
25.6878439220	26.6878435575
25.7128564282	26.7128560643
25.7378689345	26.7378685710
25.7628814407	26.7628810778
25.7878939470	26.7878935846
25.8129064532	26.8129060913
25.8379189595	26.8379185981
25.8629314657	26.8629311049
25.8879439720	26.8879436116
25.9129564782	26.9129561184
25.9379689845	26.9379686251
25.9629814907	26.9629811319
25.9879939970	26.9879936387
26.0130065033	27.0130061454
26.0380190095	27.0380186522
26.0630315158	27.0630311589
26.0880440220	27.0880436657
26.1130565283	27.1130561724
26.1380690345	27.1380686792
26.1630815408	27.1630811859
26.1880940470	27.1880936927
26.2131065533	27.2131061994
26.2381190595	27.2381187061
26.2631315658	27.2631312129
26.2881440720	27.2881437196
26.3131565783	27.3131562264
26.3381690845	27.3381687331
26.3631815908	27.3631812398
26.3881940970	27.3881937466
26.4132066033	27.4132062533
26.4382191096	27.4382187600
26.4632316158	27.4632312668
26.4882441221	27.4882437735
26.5132566283	27.5132562802
26.5382691346	27.5382687870
26.5632816408	27.5632812937
26.5882941471	27.5882938004
26.6133066533	27.6133063072
26.6383191596	27.6383188139
26.6633316658	27.6633313206
26.6883441721	27.6883438273
26.7133566783	27.7133563341
26.7383691846	27.7383688408
26.7633816908	27.7633813475
26.7883941971	27.7883938542
26.8134067034	27.8134063609
26.8384192096	27.8384188676
26.8634317159	27.8634313744
26.8884442221	27.8884438811
26.9134567284	27.9134563878
26.9384692346	27.9384688945
26.9634817409	27.9634814012
26.9884942471	27.9884939079
27.0135067534	28.0135064146
27.0385192596	28.0385189213
27.0635317659	28.0635314281
27.0885442721	28.0885439348
27.1135567784	28.1135564415
27.1385692846	28.1385689482
27.1635817909	28.1635814549
27.1885942971	28.1885939616
27.2136068034	28.2136064683
27.2386193097	28.2386189750
27.2636318159	28.2636314817
27.2886443222	28.2886439884
27.3136568284	28.3136564951
27.3386693347	28.3386690018
27.3636818409	28.3636815085
27.3886943472	28.3886940152
27.4137068534	28.4137065218
27.4387193597	28.4387190285
27.4637318659	28.4637315352
27.4887443722	28.4887440419
27.5137568784	28.5137565486
27.5387693847	28.5387690553
27.5637818909	28.5637815620
27.5887943972	28.5887940687
27.6138069035	28.6138065754
27.6388194097	28.6388190820
27.6638319160	28.6638315887
27.6888444222	28.6888440954
27.7138569285	28.7138566021
27.7388694347	28.7388691088
27.7638819410	28.7638816154
27.7888944472	28.7888941221
27.8139069535	28.8139066288
27.8389194597	28.8389191355
27.8639319660	28.8639316422
27.8889444722	28.8889441488
27.9139569785	28.9139566555
27.9389694847	28.9389691622
27.9639819910	28.9639816688
27.9889944972	28.9889941755
28.0140070035	29.0140066822
28.0390195098	29.0390191889
28.0640320160	29.0640316955
28.0890445223	29.0890442022
28.1140570285	29.1140567089
28.1390695348	29.1390692155
28.1640820410	29.1640817222
28.1890945473	29.1890942289
28.2141070535	29.2141067355
28.2391195598	29.2391192422
28.2641320660	29.2641317488
28.2891445723	29.2891442555
28.3141570785	29.3141567622
28.3391695848	29.3391692688
28.3641820910	29.3641817755
28.3891945973	29.3891942821
28.4142071036	29.4142067888
28.4392196098	29.4392192954
28.4642321161	29.4642318021
28.4892446223	29.4892443088
28.5142571286	29.5142568154
28.5392696348	29.5392693221
28.5642821411	29.5642818287
28.5892946473	29.5892943354
28.6143071536	29.6143068420
28.6393196598	29.6393193487
28.6643321661	29.6643318553
28.6893446723	29.6893443619
28.7143571786	29.7143568686
28.7393696848	29.7393693752
28.7643821911	29.7643818819
28.7893946973	29.7893943885
28.8144072036	29.8144068952
28.8394197099	29.8394194018
28.8644322161	29.8644319084
28.8894447224	29.8894444151
28.9144572286	29.9144569217
28.9394697349	29.9394694284
28.9644822411	29.9644819350
28.9894947474	29.9894944416
29.0145072536	30.0145069483
29.0395197599	30.0395194549
29.0645322661	30.0645319615
29.0895447724	30.0895444682
29.1145572786	30.1145569748
29.1395697849	30.1395694814
29.1645822911	30.1645819881
29.1895947974	30.1895944947
29.2146073037	30.2146070013
29.2396198099	30.2396195080
29.2646323162	30.2646320146
29.2896448224	30.2896445212
29.3146573287	30.3146570278
29.3396698349	30.3396695345
29.3646823412	30.3646820411
29.3896948474	30.3896945477
29.4147073537	30.4147070543
29.4397198599	30.4397195610
29.4647323662	30.4647320676
29.4897448724	30.4897445742
29.5147573787	30.5147570808
29.5397698849	30.5397695874
29.5647823912	30.5647820940
29.5897948974	30.5897946007
29.6148074037	30.6148071073
29.6398199100	30.6398196139
29.6648324162	30.6648321205
29.6898449225	30.6898446271
29.7148574287	30.7148571337
29.7398699350	30.7398696404
29.7648824412	30.7648821470
29.7898949475	30.7898946536
29.8149074537	30.8149071602
29.8399199600	30.8399196668
29.8649324662	30.8649321734
29.8899449725	30.8899446800
29.9149574787	30.9149571866
29.9399699850	30.9399696932
29.9649824912	30.9649821998
29.9899949975	30.9899947064
30.0150075038	31.0150072130
30.0400200100	31.0400197197
30.0650325163	31.0650322263
30.0900450225	31.0900447329
30.1150575288	31.1150572395
30.1400700350	31.1400697461
30.1650825413	31.1650822527
30.1900950475	31.1900947593
30.2151075538	31.2151072659
30.2401200600	31.2401197725
30.2651325663	31.2651322791
30.2901450725	31.2901447857
30.3151575788	31.3151572922
30.3401700850	31.3401697988
30.3651825913	31.3651823054
30.3901950975	31.3901948120
30.4152076038	31.4152073186
30.4402201101	31.4402198252
30.4652326163	31.4652323318
30.4902451226	31.4902448384
30.5152576288	31.5152573450
30.5402701351	31.5402698516
30.5652826413	31.5652823582
30.5902951476	31.5902948648
30.6153076538	31.6153073713
30.6403201601	31.6403198779
30.6653326663	31.6653323845
30.6903451726	31.6903448911
30.7153576788	31.7153573977
30.7403701851	31.7403699043
30.7653826913	31.7653824109
30.7903951976	31.7903949174
30.8154077039	31.8154074240
30.8404202101	31.8404199306
30.8654327164	31.8654324372
30.8904452226	31.8904449438
30.9154577289	31.9154574504
30.9404702351	31.9404699569
30.9654827414	31.9654824635
30.9904952476	31.9904949701
31.0155077539	32.0155074767
31.0405202601	32.0405199832
31.0655327664	32.0655324898
31.0905452726	32.0905449964
31.1155577789	32.1155575030
31.1405702851	32.1405700095
31.1655827914	32.1655825161
31.1905952976	32.1905950227
31.2156078039	32.2156075293
31.2406203102	32.2406200358
31.2656328164	32.2656325424
31.2906453227	32.2906450490
31.3156578289	32.3156575555
31.3406703352	32.3406700621
31.3656828414	32.3656825687
31.3906953477	32.3906950753
31.4157078539	32.4157075818
31.4407203602	32.4407200884
31.4657328664	32.4657325950
31.4907453727	32.4907451015
31.5157578789	32.5157576081
31.5407703852	32.5407701146
31.5657828914	32.5657826212
31.5907953977	32.5907951278
31.6158079040	32.6158076343
31.6408204102	32.6408201409
31.6658329165	32.6658326475
31.6908454227	32.6908451540
31.7158579290	32.7158576606
31.7408704352	32.7408701671
31.7658829415	32.7658826737
31.7908954477	32.7908951803
31.8159079540	32.8159076868
31.8409204602	32.8409201934
31.8659329665	32.8659326999
31.8909454727	32.8909452065
31.9159579790	32.9159577130
31.9409704852	32.9409702196
31.9659829915	32.9659827261
31.9909954977	32.9909952327
32.0160080040	33.0160077393
32.0410205103	33.0410202458
32.0660330165	33.0660327524
32.0910455228	33.0910452589
32.1160580290	33.1160577655
32.1410705353	33.1410702720
32.1660830415	33.1660827786
32.1910955478	33.1910952851
32.2161080540	33.2161077917
32.2411205603	33.2411202982
32.2661330665	33.2661328048
32.2911455728	33.2911453113
32.3161580790	33.3161578178
32.3411705853	33.3411703244
32.3661830915	33.3661828309
32.3911955978	33.3911953375
32.4162081041	33.4162078440
32.4412206103	33.4412203506
32.4662331166	33.4662328571
32.4912456228	33.4912453637
32.5162581291	33.5162578702
32.5412706353	33.5412703767
32.5662831416	33.5662828833
32.5912956478	33.5912953898
32.6163081541	33.6163078964
32.6413206603	33.6413204029
32.6663331666	33.6663329094
32.6913456728	33.6913454160
32.7163581791	33.7163579225
32.7413706853	33.7413704290
32.7663831916	33.7663829356
32.7913956978	33.7913954421
32.8164082041	33.8164079487
32.8414207104	33.8414204552
32.8664332166	33.8664329617
32.8914457229	33.8914454683
32.9164582291	33.9164579748
32.9414707354	33.9414704813
32.9664832416	33.9664829879
32.9914957479	33.9914954944
33.0165082541	34.0165080009
33.0415207604	34.0415205074
33.0665332666	34.0665330140
33.0915457729	34.0915455205
33.1165582791	34.1165580270
33.1415707854	34.1415705336
33.1665832916	34.1665830401
33.1915957979	34.1915955466
33.2166083042	34.2166080531
33.2416208104	34.2416205597
33.2666333167	34.2666330662
33.2916458229	34.2916455727
33.3166583292	34.3166580793
33.3416708354	34.3416705858
33.3666833417	34.3666830923
33.3916958479	34.3916955988
33.4167083542	34.4167081053
33.4417208604	34.4417206119
33.4667333667	34.4667331184
33.4917458729	34.4917456249
33.5167583792	34.5167581314
33.5417708854	34.5417706380
33.5667833917	34.5667831445
33.5917958979	34.5917956510
33.6168084042	34.6168081575
33.6418209105	34.6418206640
33.6668334167	34.6668331706
33.6918459230	34.6918456771
33.7168584292	34.7168581836
33.7418709355	34.7418706901
33.7668834417	34.7668831966
33.7918959480	34.7918957031
33.8169084542	34.8169082096
33.8419209605	34.8419207162
33.8669334667	34.8669332227
33.8919459730	34.8919457292
33.9169584792	34.9169582357
33.9419709855	34.9419707422
33.9669834917	34.9669832487
33.9919959980	34.9919957552
34.0170085043	35.0170082618
34.0420210105	35.0420207683
34.0670335168	35.0670332748
34.0920460230	35.0920457813
34.1170585293	35.1170582878
34.1420710355	35.1420707943
34.1670835418	35.1670833008
34.1920960480	35.1920958073
34.2171085543	35.2171083138
34.2421210605	35.2421208203
34.2671335668	35.2671333268
34.2921460730	35.2921458333
34.3171585793	35.3171583399
34.3421710855	35.3421708464
34.3671835918	35.3671833529
34.3921960980	35.3921958594
34.4172086043	35.4172083659
34.4422211106	35.4422208724
34.4672336168	35.4672333789
34.4922461231	35.4922458854
34.5172586293	35.5172583919
34.5422711356	35.5422708984
34.5672836418	35.5672834049
34.5922961481	35.5922959114
34.6173086543	35.6173084179
34.6423211606	35.6423209244
34.6673336668	35.6673334309
34.6923461731	35.6923459374
34.7173586793	35.7173584439
34.7423711856	35.7423709504
34.7673836918	35.7673834569
34.7923961981	35.7923959634
34.8174087044	35.8174084699
34.8424212106	35.8424209764
34.8674337169	35.8674334829
34.8924462231	35.8924459894
34.9174587294	35.9174584959
34.9424712356	35.9424710024
34.9674837419	35.9674835089
34.9924962481	35.9924960153
35.0175087544	36.0175085218
35.0425212606	36.0425210283
35.0675337669	36.0675335348
35.0925462731	36.0925460413
35.1175587794	36.1175585478
35.1425712856	36.1425710543
35.1675837919	36.1675835608
35.1925962981	36.1925960673
35.2176088044	36.2176085738
35.2426213107	36.2426210803
35.2676338169	36.2676335868
35.2926463232	36.2926460932
35.3176588294	36.3176585997
35.3426713357	36.3426711062
35.3676838419	36.3676836127
35.3926963482	36.3926961192
35.4177088544	36.4177086257
35.4427213607	36.4427211322
35.4677338669	36.4677336387
35.4927463732	36.4927461451
35.5177588794	36.5177586516
35.5427713857	36.5427711581
35.5677838919	36.5677836646
35.5927963982	36.5927961711
35.6178089045	36.6178086776
35.6428214107	36.6428211840
35.6678339170	36.6678336905
35.6928464232	36.6928461970
35.7178589295	36.7178587035
35.7428714357	36.7428712100
35.7678839420	36.7678837165
35.7928964482	36.7928962229
35.8179089545	36.8179087294
35.8429214607	36.8429212359
35.8679339670	36.8679337424
35.8929464732	36.8929462489
35.9179589795	36.9179587553
35.9429714857	36.9429712618
35.9679839920	36.9679837683
35.9929964982	36.9929962748
36.0180090045	37.0180087812
36.0430215108	37.0430212877
36.0680340170	37.0680337942
36.0930465233	37.0930463007
36.1180590295	37.1180588072
36.1430715358	37.1430713136
36.1680840420	37.1680838201
36.1930965483	37.1930963266
36.2181090545	37.2181088331
36.2431215608	37.2431213395
36.2681340670	37.2681338460
36.2931465733	37.2931463525
36.3181590795	37.3181588590
36.3431715858	37.3431713654
36.3681840920	37.3681838719
36.3931965983	37.3931963784
36.4182091046	37.4182088848
36.4432216108	37.4432213913
36.4682341171	37.4682338978
36.4932466233	37.4932464042
36.5182591296	37.5182589107
36.5432716358	37.5432714172
36.5682841421	37.5682839237
36.5932966483	37.5932964301
36.6183091546	37.6183089366
36.6433216608	37.6433214431
36.6683341671	37.6683339495
36.6933466733	37.6933464560
36.7183591796	37.7183589625
36.7433716858	37.7433714689
36.7683841921	37.7683839754
36.7933966983	37.7933964819
36.8184092046	37.8184089883
36.8434217109	37.8434214948
36.8684342171	37.8684340013
36.8934467234	37.8934465077
36.9184592296	37.9184590142
36.9434717359	37.9434715207
36.9684842421	37.9684840271
36.9934967484	37.9934965336
37.0185092546	38.0185090400
37.0435217609	38.0435215465
37.0685342671	38.0685340530
37.0935467734	38.0935465594
37.1185592796	38.1185590659
37.1435717859	38.1435715724
37.1685842921	38.1685840788
37.1935967984	38.1935965853
37.2186093047	38.2186090917
37.2436218109	38.2436215982
37.2686343172	38.2686341047
37.2936468234	38.2936466111
37.3186593297	38.3186591176
37.3436718359	38.3436716240
37.3686843422	38.3686841305
37.3936968484	38.3936966369
37.4187093547	38.4187091434
37.4437218609	38.4437216499
37.4687343672	38.4687341563
37.4937468734	38.4937466628
37.5187593797	38.5187591692
37.5437718859	38.5437716757
37.5687843922	38.5687841821
37.5937968984	38.5937966886
37.6188094047	38.6188091951
37.6438219110	38.6438217015
37.6688344172	38.6688342080
37.6938469235	38.6938467144
37.7188594297	38.7188592209
37.7438719360	38.7438717273
37.7688844422	38.7688842338
37.7938969485	38.7938967402
37.8189094547	38.8189092467
37.8439219610	38.8439217531
37.8689344672	38.8689342596
37.8939469735	38.8939467660
37.9189594797	38.9189592725
37.9439719860	38.9439717789
37.9689844922	38.9689842854
37.9939969985	38.9939967918
38.0190095048	39.0190092983
38.0440220110	39.0440218047
38.0690345173	39.0690343112
38.0940470235	39.0940468176
38.1190595298	39.1190593241
38.1440720360	39.1440718305
38.1690845423	39.1690843370
38.1940970485	39.1940968434
38.2191095548	39.2191093499
38.2441220610	39.2441218563
38.2691345673	39.2691343628
38.2941470735	39.2941468692
38.3191595798	39.3191593757
38.3441720860	39.3441718821
38.3691845923	39.3691843886
38.3941970985	39.3941968950
38.4192096048	39.4192094014
38.4442221111	39.4442219079
38.4692346173	39.4692344143
38.4942471236	39.4942469208
38.5192596298	39.5192594272
38.5442721361	39.5442719337
38.5692846423	39.5692844401
38.5942971486	39.5942969465
38.6193096548	39.6193094530
38.6443221611	39.6443219594
38.6693346673	39.6693344659
38.6943471736	39.6943469723
38.7193596798	39.7193594788
38.7443721861	39.7443719852
38.7693846923	39.7693844916
38.7943971986	39.7943969981
38.8194097049	39.8194095045
38.8444222111	39.8444220110
38.8694347174	39.8694345174
38.8944472236	39.8944470238
38.9194597299	39.9194595303
38.9444722361	39.9444720367
38.9694847424	39.9694845432
38.9944972486	39.9944970496
39.0195097549	40.0195095560
39.0445222611	40.0445220625
39.0695347674	40.0695345689
39.0945472736	40.0945470753
39.1195597799	40.1195595818
39.1445722861	40.1445720882
39.1695847924	40.1695845946
39.1945972986	40.1945971011
39.2196098049	40.2196096075
39.2446223112	40.2446221139
39.2696348174	40.2696346204
39.2946473237	40.2946471268
39.3196598299	40.3196596333
39.3446723362	40.3446721397
39.3696848424	40.3696846461
39.3946973487	40.3946971525
39.4197098549	40.4197096590
39.4447223612	40.4447221654
39.4697348674	40.4697346718
39.4947473737	40.4947471783
39.5197598799	40.5197596847
39.5447723862	40.5447721911
39.5697848924	40.5697846976
39.5947973987	40.5947972040
39.6198099050	40.6198097104
39.6448224112	40.6448222169
39.6698349175	40.6698347233
39.6948474237	40.6948472297
39.7198599300	40.7198597362
39.7448724362	40.7448722426
39.7698849425	40.7698847490
39.7948974487	40.7948972554
39.8199099550	40.8199097619
39.8449224612	40.8449222683
39.8699349675	40.8699347747
39.8949474737	40.8949472812
39.9199599800	40.9199597876
39.9449724862	40.9449722940
39.9699849925	40.9699848004
39.9949974987	40.9949973069
40.0200100050	41.0200098133
40.0450225113	41.0450223197
40.0700350175	41.0700348261
40.0950475238	41.0950473326
40.1200600300	41.1200598390
40.1450725363	41.1450723454
40.1700850425	41.1700848518
40.1950975488	41.1950973583
40.2201100550	41.2201098647
40.2451225613	41.2451223711
40.2701350675	41.2701348775
40.2951475738	41.2951473840
40.3201600800	41.3201598904
40.3451725863	41.3451723968
40.3701850925	41.3701849032
40.3951975988	41.3951974097
40.4202101051	41.4202099161
40.4452226113	41.4452224225
40.4702351176	41.4702349289
40.4952476238	41.4952474353
40.5202601301	41.5202599418
40.5452726363	41.5452724482
40.5702851426	41.5702849546
40.5952976488	41.5952974610
40.6203101551	41.6203099674
40.6453226613	41.6453224739
40.6703351676	41.6703349803
40.6953476738	41.6953474867
40.7203601801	41.7203599931
40.7453726863	41.7453724995
40.7703851926	41.7703850060
40.7953976988	41.7953975124
40.8204102051	41.8204100188
40.8454227114	41.8454225252
40.8704352176	41.8704350316
40.8954477239	41.8954475381
40.9204602301	41.9204600445
40.9454727364	41.9454725509
40.9704852426	41.9704850573
40.9954977489	41.9954975637
41.0205102551	42.0205100701
41.0455227614	42.0455225766
41.0705352676	42.0705350830
41.0955477739	42.0955475894
41.1205602801	42.1205600958
41.1455727864	42.1455726022
41.1705852926	42.1705851086
41.1955977989	42.1955976150
41.2206103052	42.2206101215
41.2456228114	42.2456226279
41.2706353177	42.2706351343
41.2956478239	42.2956476407
41.3206603302	42.3206601471
41.3456728364	42.3456726535
41.3706853427	42.3706851599
41.3956978489	42.3956976664
41.4207103552	42.4207101728
41.4457228614	42.4457226792
41.4707353677	42.4707351856
41.4957478739	42.4957476920
41.5207603802	42.5207601984
41.5457728864	42.5457727048
41.5707853927	42.5707852112
41.5957978989	42.5957977176
41.6208104052	42.6208102241
41.6458229115	42.6458227305
41.6708354177	42.6708352369
41.6958479240	42.6958477433
41.7208604302	42.7208602497
41.7458729365	42.7458727561
41.7708854427	42.7708852625
41.7958979490	42.7958977689
41.8209104552	42.8209102753
41.8459229615	42.8459227817
41.8709354677	42.8709352881
41.8959479740	42.8959477946
41.9209604802	42.9209603010
41.9459729865	42.9459728074
41.9709854927	42.9709853138
41.9959979990	42.9959978202
42.0210105053	43.0210103266
42.0460230115	43.0460228330
42.0710355178	43.0710353394
42.0960480240	43.0960478458
42.1210605303	43.1210603522
42.1460730365	43.1460728586
42.1710855428	43.1710853650
42.1960980490	43.1960978714
42.2211105553	43.2211103778
42.2461230615	43.2461228842
42.2711355678	43.2711353907
42.2961480740	43.2961478971
42.3211605803	43.3211604035
42.3461730865	43.3461729099
42.3711855928	43.3711854163
42.3961980990	43.3961979227
42.4212106053	43.4212104291
42.4462231116	43.4462229355
42.4712356178	43.4712354419
42.4962481241	43.4962479483
42.5212606303	43.5212604547
42.5462731366	43.5462729611
42.5712856428	43.5712854675
42.5962981491	43.5962979739
42.6213106553	43.6213104803
42.6463231616	43.6463229867
42.6713356678	43.6713354931
42.6963481741	43.6963479995
42.7213606803	43.7213605059
42.7463731866	43.7463730123
42.7713856928	43.7713855187
42.7963981991	43.7963980251
42.8214107054	43.8214105315
42.8464232116	43.8464230379
42.8714357179	43.8714355443
42.8964482241	43.8964480507
42.9214607304	43.9214605571
42.9464732366	43.9464730635
42.9714857429	43.9714855699
42.9964982491	43.9964980763
43.0215107554	44.0215105827
43.0465232616	44.0465230891
43.0715357679	44.0715355955
43.0965482741	44.0965481019
43.1215607804	44.1215606083
43.1465732866	44.1465731147
43.1715857929	44.1715856211
43.1965982991	44.1965981275
43.2216108054	44.2216106339
43.2466233117	44.2466231403
43.2716358179	44.2716356467
43.2966483242	44.2966481531
43.3216608304	44.3216606594
43.3466733367	44.3466731658
43.3716858429	44.3716856722
43.3966983492	44.3966981786
43.4217108554	44.4217106850
43.4467233617	44.4467231914
43.4717358679	44.4717356978
43.4967483742	44.4967482042
43.5217608804	44.5217607106
43.5467733867	44.5467732170
43.5717858929	44.5717857234
43.5967983992	44.5967982298
43.6218109055	44.6218107362
43.6468234117	44.6468232426
43.6718359180	44.6718357490
43.6968484242	44.6968482554
43.7218609305	44.7218607618
43.7468734367	44.7468732681
43.7718859430	44.7718857745
43.7968984492	44.7968982809
43.8219109555	44.8219107873
43.8469234617	44.8469232937
43.8719359680	44.8719358001
43.8969484742	44.8969483065
43.9219609805	44.9219608129
43.9469734867	44.9469733193
43.9719859930	44.9719858257
43.9969984992	44.9969983321
44.0220110055	45.0220108385
44.0470235118	45.0470233448
44.0720360180	45.0720358512
44.0970485243	45.0970483576
44.1220610305	45.1220608640
44.1470735368	45.1470733704
44.1720860430	45.1720858768
44.1970985493	45.1970983832
44.2221110555	45.2221108896
44.2471235618	45.2471233960
44.2721360680	45.2721359023
44.2971485743	45.2971484087
44.3221610805	45.3221609151
44.3471735868	45.3471734215
44.3721860930	45.3721859279
44.3971985993	45.3971984343
44.4222111056	45.4222109407
44.4472236118	45.4472234471
44.4722361181	45.4722359534
44.4972486243	45.4972484598
44.5222611306	45.5222609662
44.5472736368	45.5472734726
44.5722861431	45.5722859790
44.5972986493	45.5972984854
44.6223111556	45.6223109918
44.6473236618	45.6473234981
44.6723361681	45.6723360045
44.6973486743	45.6973485109
44.7223611806	45.7223610173
44.7473736868	45.7473735237
44.7723861931	45.7723860301
44.7973986993	45.7973985365
44.8224112056	45.8224110428
44.8474237119	45.8474235492
44.8724362181	45.8724360556
44.8974487244	45.8974485620
44.9224612306	45.9224610684
44.9474737369	45.9474735748
44.9724862431	45.9724860811
44.9974987494	45.9974985875
45.0225112556	46.0225110939
45.0475237619	46.0475236003
45.0725362681	46.0725361067
45.0975487744	46.0975486131
45.1225612806	46.1225611194
45.1475737869	46.1475736258
45.1725862931	46.1725861322
45.1975987994	46.1975986386
45.2226113057	46.2226111450
45.2476238119	46.2476236513
45.2726363182	46.2726361577
45.2976488244	46.2976486641
45.3226613307	46.3226611705
45.3476738369	46.3476736769
45.3726863432	46.3726861832
45.3976988494	46.3976986896
45.4227113557	46.4227111960
45.4477238619	46.4477237024
45.4727363682	46.4727362088
45.4977488744	46.4977487151
45.5227613807	46.5227612215
45.5477738869	46.5477737279
45.5727863932	46.5727862343
45.5977988994	46.5977987407
45.6228114057	46.6228112470
45.6478239120	46.6478237534
45.6728364182	46.6728362598
45.6978489245	46.6978487662
45.7228614307	46.7228612726
45.7478739370	46.7478737789
45.7728864432	46.7728862853
45.7978989495	46.7978987917
45.8229114557	46.8229112981
45.8479239620	46.8479238044
45.8729364682	46.8729363108
45.8979489745	46.8979488172
45.9229614807	46.9229613236
45.9479739870	46.9479738300
45.9729864932	46.9729863363
45.9979989995	46.9979988427
46.0230115058	47.0230113491
46.0480240120	47.0480238555
46.0730365183	47.0730363618
46.0980490245	47.0980488682
46.1230615308	47.1230613746
46.1480740370	47.1480738810
46.1730865433	47.1730863873
46.1980990495	47.1980988937
46.2231115558	47.2231114001
46.2481240620	47.2481239065
46.2731365683	47.2731364128
46.2981490745	47.2981489192
46.3231615808	47.3231614256
46.3481740870	47.3481739320
46.3731865933	47.3731864383
46.3981990995	47.3981989447
46.4232116058	47.4232114511
46.4482241121	47.4482239575
46.4732366183	47.4732364638
46.4982491246	47.4982489702
46.5232616308	47.5232614766
46.5482741371	47.5482739829
46.5732866433	47.5732864893
46.5982991496	47.5982989957
46.6233116558	47.6233115021
46.6483241621	47.6483240084
46.6733366683	47.6733365148
46.6983491746	47.6983490212
46.7233616808	47.7233615275
46.7483741871	47.7483740339
46.7733866933	47.7733865403
46.7983991996	47.7983990467
46.8234117059	47.8234115530
46.8484242121	47.8484240594
46.8734367184	47.8734365658
46.8984492246	47.8984490721
46.9234617309	47.9234615785
46.9484742371	47.9484740849
46.9734867434	47.9734865913
46.9984992496	47.9984990976
47.0235117559	48.0235116040
47.0485242621	48.0485241104
47.0735367684	48.0735366167
47.0985492746	48.0985491231
47.1235617809	48.1235616295
47.1485742871	48.1485741358
47.1735867934	48.1735866422
47.1985992996	48.1985991486
47.2236118059	48.2236116549
47.2486243122	48.2486241613
47.2736368184	48.2736366677
47.2986493247	48.2986491741
47.3236618309	48.3236616804
47.3486743372	48.3486741868
47.3736868434	48.3736866932
47.3986993497	48.3986991995
47.4237118559	48.4237117059
47.4487243622	48.4487242123
47.4737368684	48.4737367186
47.4987493747	48.4987492250
47.5237618809	48.5237617314
47.5487743872	48.5487742377
47.5737868934	48.5737867441
47.5987993997	48.5987992505
47.6238119060	48.6238117568
47.6488244122	48.6488242632
47.6738369185	48.6738367696
47.6988494247	48.6988492759
47.7238619310	48.7238617823
47.7488744372	48.7488742887
47.7738869435	48.7738867950
47.7988994497	48.7988993014
47.8239119560	48.8239118078
47.8489244622	48.8489243141
47.8739369685	48.8739368205
47.8989494747	48.8989493268
47.9239619810	48.9239618332
47.9489744872	48.9489743396
47.9739869935	48.9739868459
47.9989994997	48.9989993523
48.0240120060	49.0240118587
48.0490245123	49.0490243650
48.0740370185	49.0740368714
48.0990495248	49.0990493778
48.1240620310	49.1240618841
48.1490745373	49.1490743905
48.1740870435	49.1740868968
48.1990995498	49.1990994032
48.2241120560	49.2241119096
48.2491245623	49.2491244159
48.2741370685	49.2741369223
48.2991495748	49.2991494287
48.3241620810	49.3241619350
48.3491745873	49.3491744414
48.3741870935	49.3741869477
48.3991995998	49.3991994541
48.4242121061	49.4242119605
48.4492246123	49.4492244668
48.4742371186	49.4742369732
48.4992496248	49.4992494796
48.5242621311	49.5242619859
48.5492746373	49.5492744923
48.5742871436	49.5742869986
48.5992996498	49.5992995050
48.6243121561	49.6243120114
48.6493246623	49.6493245177
48.6743371686	49.6743370241
48.6993496748	49.6993495304
48.7243621811	49.7243620368
48.7493746873	49.7493745432
48.7743871936	49.7743870495
48.7993996998	49.7993995559
48.8244122061	49.8244120622
48.8494247124	49.8494245686
48.8744372186	49.8744370750
48.8994497249	49.8994495813
48.9244622311	49.9244620877
48.9494747374	49.9494745940
48.9744872436	49.9744871004
48.9994997499	49.9994996068
49.0245122561	50.0245121131
49.0495247624	50.0495246195
49.0745372686	50.0745371258
49.0995497749	50.0995496322
49.1245622811	50.1245621385
49.1495747874	50.1495746449
49.1745872936	50.1745871513
49.1995997999	50.1995996576
49.2246123062	50.2246121640
49.2496248124	50.2496246703
49.2746373187	50.2746371767
49.2996498249	50.2996496830
49.3246623312	50.3246621894
49.3496748374	50.3496746958
49.3746873437	50.3746872021
49.3996998499	50.3996997085
49.4247123562	50.4247122148
49.4497248624	50.4497247212
49.4747373687	50.4747372275
49.4997498749	50.4997497339
49.5247623812	50.5247622403
49.5497748874	50.5497747466
49.5747873937	50.5747872530
49.5997998999	50.5997997593
49.6248124062	50.6248122657
49.6498249125	50.6498247720
49.6748374187	50.6748372784
49.6998499250	50.6998497847
49.7248624312	50.7248622911
49.7498749375	50.7498747975
49.7748874437	50.7748873038
49.7998999500	50.7998998102
49.8249124562	50.8249123165
49.8499249625	50.8499248229
49.8749374687	50.8749373292
49.8999499750	50.8999498356
49.9249624812	50.9249623419
49.9499749875	50.9499748483
49.9749874937	50.9749873546
50.0000000000	50.9999998610
