0.0000000000	1.0000000000
0.0050000000	1.0050000000
0.0100000000	1.0100000000
0.0150000000	1.0150000000
0.0200000000	1.0200000000
0.0250000000	1.0250000000
0.0300000000	1.0300000000
0.0350000000	1.0350000000
0.0400000000	1.0400000000
0.0450000000	1.0450000000
0.0500000000	1.0500000000
0.0550000000	1.0550000000
0.0600000000	1.0600000000
0.0650000000	1.0650000000
0.0700000000	1.0700000000
0.0750000000	1.0750000000
0.0800000000	1.0800000000
0.0850000000	1.0850000000
0.0900000000	1.0900000000
0.0950000000	1.0950000000
0.1000000000	1.1000000000
0.1050000000	1.1050000000
0.1100000000	1.1100000000
0.1150000000	1.1150000000
0.1200000000	1.1200000000
0.1250000000	1.1250000000
0.1300000000	1.1300000000
0.1350000000	1.1350000000
0.1400000000	1.1400000000
0.1450000000	1.1450000000
0.1500000000	1.1500000000
0.1550000000	1.1550000000
0.1600000000	1.1600000000
0.1650000000	1.1650000000
0.1700000000	1.1700000000
0.1750000000	1.1750000000
0.1800000000	1.1800000000
0.1850000000	1.1850000000
0.1900000000	1.1900000000
0.1950000000	1.1950000000
0.2000000000	1.2000000000
0.2050000000	1.2050000000
0.2100000000	1.2100000000
0.2150000000	1.2150000000
0.2200000000	1.2200000000
0.2250000000	1.2250000000
0.2300000000	1.2300000000
0.2350000000	1.2350000000
0.2400000000	1.2400000000
0.2450000000	1.2450000000
0.2500000000	1.2500000000
0.2550000000	1.2550000000
0.2600000000	1.2600000000
0.2650000000	1.2650000000
0.2700000000	1.2700000000
0.2750000000	1.2750000000
0.2800000000	1.2800000000
0.2850000000	1.2850000000
0.2900000000	1.2900000000
0.2950000000	1.2950000000
0.3000000000	1.3000000000
0.3050000000	1.3050000000
0.3100000000	1.3100000000
0.3150000000	1.3150000000
0.3200000000	1.3200000000
0.3250000000	1.3250000000
0.3300000000	1.3300000000
0.3350000000	1.3350000000
0.3400000000	1.3400000000
0.3450000000	1.3450000000
0.3500000000	1.3500000000
0.3550000000	1.3550000000
0.3600000000	1.3600000000
0.3650000000	1.3650000000
0.3700000000	1.3700000000
0.3750000000	1.3750000000
0.3800000000	1.3800000000
0.3850000000	1.3850000000
0.3900000000	1.3900000000
0.3950000000	1.3950000000
0.4000000000	1.4000000000
0.4050000000	1.4050000000
0.4100000000	1.4100000000
0.4150000000	1.4150000000
0.4200000000	1.4200000000
0.4250000000	1.4250000000
0.4300000000	1.4300000000
0.4350000000	1.4350000000
0.4400000000	1.4400000000
0.4450000000	1.4450000000
0.4500000000	1.4500000000
0.4550000000	1.4550000000
0.4600000000	1.4600000000
0.4650000000	1.4650000000
0.4700000000	1.4700000000
0.4750000000	1.4750000000
0.4800000000	1.4800000000
0.4850000000	1.4850000000
0.4900000000	1.4900000000
0.4950000000	1.4950000000
0.5000000000	1.5000000000
0.5050000000	1.5050000000
0.5100000000	1.5100000000
0.5150000000	1.5150000000
0.5200000000	1.5200000000
0.5250000000	1.5250000000
0.5300000000	1.5300000000
0.5350000000	1.5350000000
0.5400000000	1.5400000000
0.5450000000	1.5450000000
0.5500000000	1.5500000000
0.5550000000	1.5550000000
0.5600000000	1.5600000000
0.5650000000	1.5650000000
0.5700000000	1.5700000000
0.5750000000	1.5750000000
0.5800000000	1.5800000000
0.5850000000	1.5850000000
0.5900000000	1.5900000000
0.5950000000	1.5950000000
0.6000000000	1.6000000000
0.6050000000	1.6050000000
0.6100000000	1.6100000000
0.6150000000	1.6150000000
0.6200000000	1.6200000000
0.6250000000	1.6250000000
0.6300000000	1.6300000000
0.6350000000	1.6350000000
0.6400000000	1.6400000000
0.6450000000	1.6450000000
0.6500000000	1.6500000000
0.6550000000	1.6550000000
0.6600000000	1.6600000000
0.6650000000	1.6650000000
0.6700000000	1.6700000000
0.6750000000	1.6750000000
0.6800000000	1.6800000000
0.6850000000	1.6850000000
0.6900000000	1.6900000000
0.6950000000	1.6950000000
0.7000000000	1.7000000000
0.7050000000	1.7050000000
0.7100000000	1.7100000000
0.7150000000	1.7150000000
0.7200000000	1.7200000000
0.7250000000	1.7250000000
0.7300000000	1.7300000000
0.7350000000	1.7350000000
0.7400000000	1.7400000000
0.7450000000	1.7450000000
0.7500000000	1.7500000000
0.7550000000	1.7550000000
0.7600000000	1.7600000000
0.7650000000	1.7650000000
0.7700000000	1.7700000000
0.7750000000	1.7750000000
0.7800000000	1.7800000000
0.7850000000	1.7850000000
0.7900000000	1.7900000000
0.7950000000	1.7950000000
0.8000000000	1.8000000000
0.8050000000	1.8050000000
0.8100000000	1.8100000000
0.8150000000	1.8150000000
0.8200000000	1.8200000000
0.8250000000	1.8250000000
0.8300000000	1.8300000000
0.8350000000	1.8350000000
0.8400000000	1.8400000000
0.8450000000	1.8450000000
0.8500000000	1.8500000000
0.8550000000	1.8550000000
0.8600000000	1.8600000000
0.8650000000	1.8650000000
0.8700000000	1.8700000000
0.8750000000	1.8750000000
0.8800000000	1.8800000000
0.8850000000	1.8850000000
0.8900000000	1.8900000000
0.8950000000	1.8950000000
0.9000000000	1.9000000000
0.9050000000	1.9050000000
0.9100000000	1.9100000000
0.9150000000	1.9150000000
0.9200000000	1.9200000000
0.9250000000	1.9250000000
0.9300000000	1.9300000000
0.9350000000	1.9350000000
0.9400000000	1.9400000000
0.9450000000	1.9450000000
0.9500000000	1.9500000000
0.9550000000	1.9550000000
0.9600000000	1.9600000000
0.9650000000	1.9650000000
0.9700000000	1.9700000000
0.9750000000	1.9750000000
0.9800000000	1.9800000000
0.9850000000	1.9850000000
0.9900000000	1.9900000000
0.9950000000	1.9950000000
1.0000000000	2.0000000000
1.0050000000	2.0050000000
1.0100000000	2.0100000000
1.0150000000	2.0150000000
1.0200000000	2.0200000000
1.0250000000	2.0250000000
1.0300000000	2.0300000000
1.0350000000	2.0350000000
1.0400000000	2.0400000000
1.0450000000	2.0450000000
1.0500000000	2.0500000000
1.0550000000	2.0550000000
1.0600000000	2.0600000000
1.0650000000	2.0650000000
1.0700000000	2.0700000000
1.0750000000	2.0750000000
1.0800000000	2.0800000000
1.0850000000	2.0850000000
1.0900000000	2.0900000000
1.0950000000	2.0950000000
1.1000000000	2.1000000000
1.1050000000	2.1050000000
1.1100000000	2.1100000000
1.1150000000	2.1150000000
1.1200000000	2.1200000000
1.1250000000	2.1250000000
1.1300000000	2.1300000000
1.1350000000	2.1350000000
1.1400000000	2.1400000000
1.1450000000	2.1450000000
1.1500000000	2.1500000000
1.1550000000	2.1550000000
1.1600000000	2.1600000000
1.1650000000	2.1650000000
1.1700000000	2.1700000000
1.1750000000	2.1750000000
1.1800000000	2.1800000000
1.1850000000	2.1850000000
1.1900000000	2.1900000000
1.1950000000	2.1950000000
1.2000000000	2.2000000000
1.2050000000	2.2050000000
1.2100000000	2.2100000000
1.2150000000	2.2150000000
1.2200000000	2.2200000000
1.2250000000	2.2250000000
1.2300000000	2.2300000000
1.2350000000	2.2350000000
1.2400000000	2.2400000000
1.2450000000	2.2450000000
1.2500000000	2.2500000000
1.2550000000	2.2550000000
1.2600000000	2.2600000000
1.2650000000	2.2650000000
1.2700000000	2.2700000000
1.2750000000	2.2750000000
1.2800000000	2.2800000000
1.2850000000	2.2850000000
1.2900000000	2.2900000000
1.2950000000	2.2950000000
1.3000000000	2.3000000000
1.3050000000	2.3050000000
1.3100000000	2.3100000000
1.3150000000	2.3150000000
1.3200000000	2.3200000000
1.3250000000	2.3250000000
1.3300000000	2.3300000000
1.3350000000	2.3350000000
1.3400000000	2.3400000000
1.3450000000	2.3450000000
1.3500000000	2.3500000000
1.3550000000	2.3550000000
1.3600000000	2.3600000000
1.3650000000	2.3650000000
1.3700000000	2.3700000000
1.3750000000	2.3750000000
1.3800000000	2.3800000000
1.3850000000	2.3850000000
1.3900000000	2.3900000000
1.3950000000	2.3950000000
1.4000000000	2.4000000000
1.4050000000	2.4050000000
1.4100000000	2.4100000000
1.4150000000	2.4150000000
1.4200000000	2.4200000000
1.4250000000	2.4250000000
1.4300000000	2.4300000000
1.4350000000	2.4350000000
1.4400000000	2.4400000000
1.4450000000	2.4450000000
1.4500000000	2.4500000000
1.4550000000	2.4550000000
1.4600000000	2.4600000000
1.4650000000	2.4650000000
1.4700000000	2.4700000000
1.4750000000	2.4750000000
1.4800000000	2.4800000000
1.4850000000	2.4850000000
1.4900000000	2.4900000000
1.4950000000	2.4950000000
1.5000000000	2.5000000000
1.5050000000	2.5050000000
1.5100000000	2.5100000000
1.5150000000	2.5150000000
1.5200000000	2.5200000000
1.5250000000	2.5250000000
1.5300000000	2.5300000000
1.5350000000	2.5350000000
1.5400000000	2.5400000000
1.5450000000	2.5450000000
1.5500000000	2.5500000000
1.5550000000	2.5550000000
1.5600000000	2.5600000000
1.5650000000	2.5650000000
1.5700000000	2.5700000000
1.5750000000	2.5750000000
1.5800000000	2.5800000000
1.5850000000	2.5850000000
1.5900000000	2.5900000000
1.5950000000	2.5950000000
1.6000000000	2.6000000000
1.6050000000	2.6050000000
1.6100000000	2.6100000000
1.6150000000	2.6150000000
1.6200000000	2.6200000000
1.6250000000	2.6250000000
1.6300000000	2.6300000000
1.6350000000	2.6350000000
1.6400000000	2.6400000000
1.6450000000	2.6450000000
1.6500000000	2.6500000000
1.6550000000	2.6550000000
1.6600000000	2.6600000000
1.6650000000	2.6650000000
1.6700000000	2.6700000000
1.6750000000	2.6750000000
1.6800000000	2.6800000000
1.6850000000	2.6850000000
1.6900000000	2.6900000000
1.6950000000	2.6950000000
1.7000000000	2.7000000000
1.7050000000	2.7050000000
1.7100000000	2.7100000000
1.7150000000	2.7150000000
1.7200000000	2.7200000000
1.7250000000	2.7250000000
1.7300000000	2.7300000000
1.7350000000	2.7350000000
1.7400000000	2.7400000000
1.7450000000	2.7450000000
1.7500000000	2.7500000000
1.7550000000	2.7550000000
1.7600000000	2.7600000000
1.7650000000	2.7650000000
1.7700000000	2.7700000000
1.7750000000	2.7750000000
1.7800000000	2.7800000000
1.7850000000	2.7850000000
1.7900000000	2.7900000000
1.7950000000	2.7950000000
1.8000000000	2.8000000000
1.8050000000	2.8050000000
1.8100000000	2.8100000000
1.8150000000	2.8150000000
1.8200000000	2.8200000000
1.8250000000	2.8250000000
1.8300000000	2.8300000000
1.8350000000	2.8350000000
1.8400000000	2.8400000000
1.8450000000	2.8450000000
1.8500000000	2.8500000000
1.8550000000	2.8550000000
1.8600000000	2.8600000000
1.8650000000	2.8650000000
1.8700000000	2.8700000000
1.8750000000	2.8750000000
1.8800000000	2.8800000000
1.8850000000	2.8850000000
1.8900000000	2.8900000000
1.8950000000	2.8950000000
1.9000000000	2.9000000000
1.9050000000	2.9050000000
1.9100000000	2.9100000000
1.9150000000	2.9150000000
1.9200000000	2.9200000000
1.9250000000	2.9250000000
1.9300000000	2.9300000000
1.9350000000	2.9350000000
1.9400000000	2.9400000000
1.9450000000	2.9450000000
1.9500000000	2.9500000000
1.9550000000	2.9550000000
1.9600000000	2.9600000000
1.9650000000	2.9650000000
1.9700000000	2.9700000000
1.9750000000	2.9750000000
1.9800000000	2.9800000000
1.9850000000	2.9850000000
1.9900000000	2.9900000000
1.9950000000	2.9950000000
2.0000000000	3.0000000000
2.0050000000	3.0050000000
2.0100000000	3.0100000000
2.0150000000	3.0150000000
2.0200000000	3.0200000000
2.0250000000	3.0250000000
2.0300000000	3.0300000000
2.0350000000	3.0350000000
2.0400000000	3.0400000000
2.0450000000	3.0450000000
2.0500000000	3.0500000000
2.0550000000	3.0550000000
2.0600000000	3.0600000000
2.0650000000	3.0650000000
2.0700000000	3.0700000000
2.0750000000	3.0750000000
2.0800000000	3.0800000000
2.0850000000	3.0850000000
2.0900000000	3.0900000000
2.0950000000	3.0950000000
2.1000000000	3.1000000000
2.1050000000	3.1050000000
2.1100000000	3.1100000000
2.1150000000	3.1150000000
2.1200000000	3.1200000000
2.1250000000	3.1250000000
2.1300000000	3.1300000000
2.1350000000	3.1350000000
2.1400000000	3.1400000000
2.1450000000	3.1450000000
2.1500000000	3.1500000000
2.1550000000	3.1550000000
2.1600000000	3.1600000000
2.1650000000	3.1650000000
2.1700000000	3.1700000000
2.1750000000	3.1750000000
2.1800000000	3.1800000000
2.1850000000	3.1850000000
2.1900000000	3.1900000000
2.1950000000	3.1950000000
2.2000000000	3.2000000000
2.2050000000	3.2050000000
2.2100000000	3.2100000000
2.2150000000	3.2150000000
2.2200000000	3.2200000000
2.2250000000	3.2250000000
2.2300000000	3.2300000000
2.2350000000	3.2350000000
2.2400000000	3.2400000000
2.2450000000	3.2450000000
2.2500000000	3.2500000000
2.2550000000	3.2550000000
2.2600000000	3.2600000000
2.2650000000	3.2650000000
2.2700000000	3.2700000000
2.2750000000	3.2750000000
2.2800000000	3.2800000000
2.2850000000	3.2850000000
2.2900000000	3.2900000000
2.2950000000	3.2950000000
2.3000000000	3.3000000000
2.3050000000	3.3050000000
2.3100000000	3.3100000000
2.3150000000	3.3150000000
2.3200000000	3.3200000000
2.3250000000	3.3250000000
2.3300000000	3.3300000000
2.3350000000	3.3350000000
2.3400000000	3.3400000000
2.3450000000	3.3450000000
2.3500000000	3.3500000000
2.3550000000	3.3550000000
2.3600000000	3.3600000000
2.3650000000	3.3650000000
2.3700000000	3.3700000000
2.3750000000	3.3750000000
2.3800000000	3.3800000000
2.3850000000	3.3850000000
2.3900000000	3.3900000000
2.3950000000	3.3950000000
2.4000000000	3.4000000000
2.4050000000	3.4050000000
2.4100000000	3.4100000000
2.4150000000	3.4150000000
2.4200000000	3.4200000000
2.4250000000	3.4250000000
2.4300000000	3.4300000000
2.4350000000	3.4350000000
2.4400000000	3.4400000000
2.4450000000	3.4450000000
2.4500000000	3.4500000000
2.4550000000	3.4550000000
2.4600000000	3.4600000000
2.4650000000	3.4650000000
2.4700000000	3.4700000000
2.4750000000	3.4750000000
2.4800000000	3.4800000000
2.4850000000	3.4850000000
2.4900000000	3.4900000000
2.4950000000	3.4950000000
2.5000000000	3.5000000000
2.5050000000	3.5050000000
2.5100000000	3.5100000000
2.5150000000	3.5150000000
2.5200000000	3.5200000000
2.5250000000	3.5250000000
2.5300000000	3.5300000000
2.5350000000	3.5350000000
2.5400000000	3.5400000000
2.5450000000	3.5450000000
2.5500000000	3.5500000000
2.5550000000	3.5550000000
2.5600000000	3.5600000000
2.5650000000	3.5650000000
2.5700000000	3.5700000000
2.5750000000	3.5750000000
2.5800000000	3.5800000000
2.5850000000	3.5850000000
2.5900000000	3.5900000000
2.5950000000	3.5950000000
2.6000000000	3.6000000000
2.6050000000	3.6050000000
2.6100000000	3.6100000000
2.6150000000	3.6150000000
2.6200000000	3.6200000000
2.6250000000	3.6250000000
2.6300000000	3.6300000000
2.6350000000	3.6350000000
2.6400000000	3.6400000000
2.6450000000	3.6450000000
2.6500000000	3.6500000000
2.6550000000	3.6550000000
2.6600000000	3.6600000000
2.6650000000	3.6650000000
2.6700000000	3.6700000000
2.6750000000	3.6750000000
2.6800000000	3.6800000000
2.6850000000	3.6850000000
2.6900000000	3.6900000000
2.6950000000	3.6950000000
2.7000000000	3.7000000000
2.7050000000	3.7050000000
2.7100000000	3.7100000000
2.7150000000	3.7150000000
2.7200000000	3.7200000000
2.7250000000	3.7250000000
2.7300000000	3.7300000000
2.7350000000	3.7350000000
2.7400000000	3.7400000000
2.7450000000	3.7450000000
2.7500000000	3.7500000000
2.7550000000	3.7550000000
2.7600000000	3.7600000000
2.7650000000	3.7650000000
2.7700000000	3.7700000000
2.7750000000	3.7750000000
2.7800000000	3.7800000000
2.7850000000	3.7850000000
2.7900000000	3.7900000000
2.7950000000	3.7950000000
2.8000000000	3.8000000000
2.8050000000	3.8050000000
2.8100000000	3.8100000000
2.8150000000	3.8150000000
2.8200000000	3.8200000000
2.8250000000	3.8250000000
2.8300000000	3.8300000000
2.8350000000	3.8350000000
2.8400000000	3.8400000000
2.8450000000	3.8450000000
2.8500000000	3.8500000000
2.8550000000	3.8550000000
2.8600000000	3.8600000000
2.8650000000	3.8650000000
2.8700000000	3.8700000000
2.8750000000	3.8750000000
2.8800000000	3.8800000000
2.8850000000	3.8850000000
2.8900000000	3.8900000000
2.8950000000	3.8950000000
2.9000000000	3.9000000000
2.9050000000	3.9050000000
2.9100000000	3.9100000000
2.9150000000	3.9150000000
2.9200000000	3.9200000000
2.9250000000	3.9250000000
2.9300000000	3.9300000000
2.9350000000	3.9350000000
2.9400000000	3.9400000000
2.9450000000	3.9450000000
2.9500000000	3.9500000000
2.9550000000	3.9550000000
2.9600000000	3.9600000000
2.9650000000	3.9650000000
2.9700000000	3.9700000000
2.9750000000	3.9750000000
2.9800000000	3.9800000000
2.9850000000	3.9850000000
2.9900000000	3.9900000000
2.9950000000	3.9950000000
3.0000000000	4.0000000000
3.0050000000	4.0050000000
3.0100000000	4.0100000000
3.0150000000	4.0150000000
3.0200000000	4.0200000000
3.0250000000	4.0250000000
3.0300000000	4.0300000000
3.0350000000	4.0350000000
3.0400000000	4.0400000000
3.0450000000	4.0450000000
3.0500000000	4.0500000000
3.0550000000	4.0550000000
3.0600000000	4.0600000000
3.0650000000	4.0650000000
3.0700000000	4.0700000000
3.0750000000	4.0750000000
3.0800000000	4.0800000000
3.0850000000	4.0850000000
3.0900000000	4.0900000000
3.0950000000	4.0950000000
3.1000000000	4.1000000000
3.1050000000	4.1050000000
3.1100000000	4.1100000000
3.1150000000	4.1150000000
3.1200000000	4.1200000000
3.1250000000	4.1250000000
3.1300000000	4.1300000000
3.1350000000	4.1350000000
3.1400000000	4.1400000000
3.1450000000	4.1450000000
3.1500000000	4.1500000000
3.1550000000	4.1550000000
3.1600000000	4.1600000000
3.1650000000	4.1650000000
3.1700000000	4.1700000000
3.1750000000	4.1750000000
3.1800000000	4.1800000000
3.1850000000	4.1850000000
3.1900000000	4.1900000000
3.1950000000	4.1950000000
3.2000000000	4.2000000000
3.2050000000	4.2050000000
3.2100000000	4.2100000000
3.2150000000	4.2150000000
3.2200000000	4.2200000000
3.2250000000	4.2250000000
3.2300000000	4.2300000000
3.2350000000	4.2350000000
3.2400000000	4.2400000000
3.2450000000	4.2450000000
3.2500000000	4.2500000000
3.2550000000	4.2550000000
3.2600000000	4.2600000000
3.2650000000	4.2650000000
3.2700000000	4.2700000000
3.2750000000	4.2750000000
3.2800000000	4.2800000000
3.2850000000	4.2850000000
3.2900000000	4.2900000000
3.2950000000	4.2950000000
3.3000000000	4.3000000000
3.3050000000	4.3050000000
3.3100000000	4.3100000000
3.3150000000	4.3150000000
3.3200000000	4.3200000000
3.3250000000	4.3250000000
3.3300000000	4.3300000000
3.3350000000	4.3350000000
3.3400000000	4.3400000000
3.3450000000	4.3450000000
3.3500000000	4.3500000000
3.3550000000	4.3550000000
3.3600000000	4.3600000000
3.3650000000	4.3650000000
3.3700000000	4.3700000000
3.3750000000	4.3750000000
3.3800000000	4.3800000000
3.3850000000	4.3850000000
3.3900000000	4.3900000000
3.3950000000	4.3950000000
3.4000000000	4.4000000000
3.4050000000	4.4050000000
3.4100000000	4.4100000000
3.4150000000	4.4150000000
3.4200000000	4.4200000000
3.4250000000	4.4250000000
3.4300000000	4.4300000000
3.4350000000	4.4350000000
3.4400000000	4.4400000000
3.4450000000	4.4450000000
3.4500000000	4.4500000000
3.4550000000	4.4550000000
3.4600000000	4.4600000000
3.4650000000	4.4650000000
3.4700000000	4.4700000000
3.4750000000	4.4750000000
3.4800000000	4.4800000000
3.4850000000	4.4850000000
3.4900000000	4.4900000000
3.4950000000	4.4950000000
3.5000000000	4.5000000000
3.5050000000	4.5050000000
3.5100000000	4.5100000000
3.5150000000	4.5150000000
3.5200000000	4.5200000000
3.5250000000	4.5250000000
3.5300000000	4.5300000000
3.5350000000	4.5350000000
3.5400000000	4.5400000000
3.5450000000	4.5450000000
3.5500000000	4.5500000000
3.5550000000	4.5550000000
3.5600000000	4.5600000000
3.5650000000	4.5650000000
3.5700000000	4.5700000000
3.5750000000	4.5750000000
3.5800000000	4.5800000000
3.5850000000	4.5850000000
3.5900000000	4.5900000000
3.5950000000	4.5950000000
3.6000000000	4.6000000000
3.6050000000	4.6050000000
3.6100000000	4.6100000000
3.6150000000	4.6150000000
3.6200000000	4.6200000000
3.6250000000	4.6250000000
3.6300000000	4.6300000000
3.6350000000	4.6350000000
3.6400000000	4.6400000000
3.6450000000	4.6450000000
3.6500000000	4.6500000000
3.6550000000	4.6550000000
3.6600000000	4.6600000000
3.6650000000	4.6650000000
3.6700000000	4.6700000000
3.6750000000	4.6750000000
3.6800000000	4.6800000000
3.6850000000	4.6850000000
3.6900000000	4.6900000000
3.6950000000	4.6950000000
3.7000000000	4.7000000000
3.7050000000	4.7050000000
3.7100000000	4.7100000000
3.7150000000	4.7150000000
3.7200000000	4.7200000000
3.7250000000	4.7250000000
3.7300000000	4.7300000000
3.7350000000	4.7350000000
3.7400000000	4.7400000000
3.7450000000	4.7450000000
3.7500000000	4.7500000000
3.7550000000	4.7550000000
3.7600000000	4.7600000000
3.7650000000	4.7650000000
3.7700000000	4.7700000000
3.7750000000	4.7750000000
3.7800000000	4.7800000000
3.7850000000	4.7850000000
3.7900000000	4.7900000000
3.7950000000	4.7950000000
3.8000000000	4.8000000000
3.8050000000	4.8050000000
3.8100000000	4.8100000000
3.8150000000	4.8150000000
3.8200000000	4.8200000000
3.8250000000	4.8250000000
3.8300000000	4.8300000000
3.8350000000	4.8350000000
3.8400000000	4.8400000000
3.8450000000	4.8450000000
3.8500000000	4.8500000000
3.8550000000	4.8550000000
3.8600000000	4.8600000000
3.8650000000	4.8650000000
3.8700000000	4.8700000000
3.8750000000	4.8750000000
3.8800000000	4.8800000000
3.8850000000	4.8850000000
3.8900000000	4.8900000000
3.8950000000	4.8950000000
3.9000000000	4.9000000000
3.9050000000	4.9050000000
3.9100000000	4.9100000000
3.9150000000	4.9150000000
3.9200000000	4.9200000000
3.9250000000	4.9250000000
3.9300000000	4.9300000000
3.9350000000	4.9350000000
3.9400000000	4.9400000000
3.9450000000	4.9450000000
3.9500000000	4.9500000000
3.9550000000	4.9550000000
3.9600000000	4.9600000000
3.9650000000	4.9650000000
3.9700000000	4.9700000000
3.9750000000	4.9750000000
3.9800000000	4.9800000000
3.9850000000	4.9850000000
3.9900000000	4.9900000000
3.9950000000	4.9950000000
4.0000000000	5.0000000000
4.0050000000	5.0050000000
4.0100000000	5.0100000000
4.0150000000	5.0150000000
4.0200000000	5.0200000000
4.0250000000	5.0250000000
4.0300000000	5.0300000000
4.0350000000	5.0350000000
4.0400000000	5.0400000000
4.0450000000	5.0450000000
4.0500000000	5.0500000000
4.0550000000	5.0550000000
4.0600000000	5.0600000000
4.0650000000	5.0650000000
4.0700000000	5.0700000000
4.0750000000	5.0750000000
4.0800000000	5.0800000000
4.0850000000	5.0850000000
4.0900000000	5.0900000000
4.0950000000	5.0950000000
4.1000000000	5.1000000000
4.1050000000	5.1050000000
4.1100000000	5.1100000000
4.1150000000	5.1150000000
4.1200000000	5.1200000000
4.1250000000	5.1250000000
4.1300000000	5.1300000000
4.1350000000	5.1350000000
4.1400000000	5.1400000000
4.1450000000	5.1450000000
4.1500000000	5.1500000000
4.1550000000	5.1550000000
4.1600000000	5.1600000000
4.1650000000	5.1650000000
4.1700000000	5.1700000000
4.1750000000	5.1750000000
4.1800000000	5.1800000000
4.1850000000	5.1850000000
4.1900000000	5.1900000000
4.1950000000	5.1950000000
4.2000000000	5.2000000000
4.2050000000	5.2050000000
4.2100000000	5.2100000000
4.2150000000	5.2150000000
4.2200000000	5.2200000000
4.2250000000	5.2250000000
4.2300000000	5.2300000000
4.2350000000	5.2350000000
4.2400000000	5.2400000000
4.2450000000	5.2450000000
4.2500000000	5.2500000000
4.2550000000	5.2550000000
4.2600000000	5.2600000000
4.2650000000	5.2650000000
4.2700000000	5.2700000000
4.2750000000	5.2750000000
4.2800000000	5.2800000000
4.2850000000	5.2850000000
4.2900000000	5.2900000000
4.2950000000	5.2950000000
4.3000000000	5.3000000000
4.3050000000	5.3050000000
4.3100000000	5.3100000000
4.3150000000	5.3150000000
4.3200000000	5.3200000000
4.3250000000	5.3250000000
4.3300000000	5.3300000000
4.3350000000	5.3350000000
4.3400000000	5.3400000000
4.3450000000	5.3450000000
4.3500000000	5.3500000000
4.3550000000	5.3550000000
4.3600000000	5.3600000000
4.3650000000	5.3650000000
4.3700000000	5.3700000000
4.3750000000	5.3750000000
4.3800000000	5.3800000000
4.3850000000	5.3850000000
4.3900000000	5.3900000000
4.3950000000	5.3950000000
4.4000000000	5.4000000000
4.4050000000	5.4050000000
4.4100000000	5.4100000000
4.4150000000	5.4150000000
4.4200000000	5.4200000000
4.4250000000	5.4250000000
4.4300000000	5.4300000000
4.4350000000	5.4350000000
4.4400000000	5.4400000000
4.4450000000	5.4450000000
4.4500000000	5.4500000000
4.4550000000	5.4550000000
4.4600000000	5.4600000000
4.4650000000	5.4650000000
4.4700000000	5.4700000000
4.4750000000	5.4750000000
4.4800000000	5.4800000000
4.4850000000	5.4850000000
4.4900000000	5.4900000000
4.4950000000	5.4950000000
4.5000000000	5.5000000000
4.5050000000	5.5050000000
4.5100000000	5.5100000000
4.5150000000	5.5150000000
4.5200000000	5.5200000000
4.5250000000	5.5250000000
4.5300000000	5.5300000000
4.5350000000	5.5350000000
4.5400000000	5.5400000000
4.5450000000	5.5450000000
4.5500000000	5.5500000000
4.5550000000	5.5550000000
4.5600000000	5.5600000000
4.5650000000	5.5650000000
4.5700000000	5.5700000000
4.5750000000	5.5750000000
4.5800000000	5.5800000000
4.5850000000	5.5850000000
4.5900000000	5.5900000000
4.5950000000	5.5950000000
4.6000000000	5.6000000000
4.6050000000	5.6050000000
4.6100000000	5.6100000000
4.6150000000	5.6150000000
4.6200000000	5.6200000000
4.6250000000	5.6250000000
4.6300000000	5.6300000000
4.6350000000	5.6350000000
4.6400000000	5.6400000000
4.6450000000	5.6450000000
4.6500000000	5.6500000000
4.6550000000	5.6550000000
4.6600000000	5.6600000000
4.6650000000	5.6650000000
4.6700000000	5.6700000000
4.6750000000	5.6750000000
4.6800000000	5.6800000000
4.6850000000	5.6850000000
4.6900000000	5.6900000000
4.6950000000	5.6950000000
4.7000000000	5.7000000000
4.7050000000	5.7050000000
4.7100000000	5.7100000000
4.7150000000	5.7150000000
4.7200000000	5.7200000000
4.7250000000	5.7250000000
4.7300000000	5.7300000000
4.7350000000	5.7350000000
4.7400000000	5.7400000000
4.7450000000	5.7450000000
4.7500000000	5.7500000000
4.7550000000	5.7550000000
4.7600000000	5.7600000000
4.7650000000	5.7650000000
4.7700000000	5.7700000000
4.7750000000	5.7750000000
4.7800000000	5.7800000000
4.7850000000	5.7850000000
4.7900000000	5.7900000000
4.7950000000	5.7950000000
4.8000000000	5.8000000000
4.8050000000	5.8050000000
4.8100000000	5.8100000000
4.8150000000	5.8150000000
4.8200000000	5.8200000000
4.8250000000	5.8250000000
4.8300000000	5.8300000000
4.8350000000	5.8350000000
4.8400000000	5.8400000000
4.8450000000	5.8450000000
4.8500000000	5.8500000000
4.8550000000	5.8550000000
4.8600000000	5.8600000000
4.8650000000	5.8650000000
4.8700000000	5.8700000000
4.8750000000	5.8750000000
4.8800000000	5.8800000000
4.8850000000	5.8850000000
4.8900000000	5.8900000000
4.8950000000	5.8950000000
4.9000000000	5.9000000000
4.9050000000	5.9050000000
4.9100000000	5.9100000000
4.9150000000	5.9150000000
4.9200000000	5.9200000000
4.9250000000	5.9250000000
4.9300000000	5.9300000000
4.9350000000	5.9350000000
4.9400000000	5.9400000000
4.9450000000	5.9450000000
4.9500000000	5.9500000000
4.9550000000	5.9550000000
4.9600000000	5.9600000000
4.9650000000	5.9650000000
4.9700000000	5.9700000000
4.9750000000	5.9750000000
4.9800000000	5.9800000000
4.9850000000	5.9850000000
4.9900000000	5.9900000000
4.9950000000	5.9950000000
5.0000000000	6.0000000000
5.0050000000	6.0050000000
5.0100000000	6.0100000000
5.0150000000	6.0150000000
5.0200000000	6.0200000000
5.0250000000	6.0250000000
5.0300000000	6.0300000000
5.0350000000	6.0350000000
5.0400000000	6.0400000000
5.0450000000	6.0450000000
5.0500000000	6.0500000000
5.0550000000	6.0550000000
5.0600000000	6.0600000000
5.0650000000	6.0650000000
5.0700000000	6.0700000000
5.0750000000	6.0750000000
5.0800000000	6.0800000000
5.0850000000	6.0850000000
5.0900000000	6.0900000000
5.0950000000	6.0950000000
5.1000000000	6.1000000000
5.1050000000	6.1050000000
5.1100000000	6.1100000000
5.1150000000	6.1150000000
5.1200000000	6.1200000000
5.1250000000	6.1250000000
5.1300000000	6.1300000000
5.1350000000	6.1350000000
5.1400000000	6.1400000000
5.1450000000	6.1450000000
5.1500000000	6.1500000000
5.1550000000	6.1550000000
5.1600000000	6.1600000000
5.1650000000	6.1650000000
5.1700000000	6.1700000000
5.1750000000	6.1750000000
5.1800000000	6.1800000000
5.1850000000	6.1850000000
5.1900000000	6.1900000000
5.1950000000	6.1950000000
5.2000000000	6.2000000000
5.2050000000	6.2050000000
5.2100000000	6.2100000000
5.2150000000	6.2150000000
5.2200000000	6.2200000000
5.2250000000	6.2250000000
5.2300000000	6.2300000000
5.2350000000	6.2350000000
5.2400000000	6.2400000000
5.2450000000	6.2450000000
5.2500000000	6.2500000000
5.2550000000	6.2550000000
5.2600000000	6.2600000000
5.2650000000	6.2650000000
5.2700000000	6.2700000000
5.2750000000	6.2750000000
5.2800000000	6.2800000000
5.2850000000	6.2850000000
5.2900000000	6.2900000000
5.2950000000	6.2950000000
5.3000000000	6.3000000000
5.3050000000	6.3050000000
5.3100000000	6.3100000000
5.3150000000	6.3150000000
5.3200000000	6.3200000000
5.3250000000	6.3250000000
5.3300000000	6.3300000000
5.3350000000	6.3350000000
5.3400000000	6.3400000000
5.3450000000	6.3450000000
5.3500000000	6.3500000000
5.3550000000	6.3550000000
5.3600000000	6.3600000000
5.3650000000	6.3650000000
5.3700000000	6.3700000000
5.3750000000	6.3750000000
5.3800000000	6.3800000000
5.3850000000	6.3850000000
5.3900000000	6.3900000000
5.3950000000	6.3950000000
5.4000000000	6.4000000000
5.4050000000	6.4050000000
5.4100000000	6.4100000000
5.4150000000	6.4150000000
5.4200000000	6.4200000000
5.4250000000	6.4250000000
5.4300000000	6.4300000000
5.4350000000	6.4350000000
5.4400000000	6.4400000000
5.4450000000	6.4450000000
5.4500000000	6.4500000000
5.4550000000	6.4550000000
5.4600000000	6.4600000000
5.4650000000	6.4650000000
5.4700000000	6.4700000000
5.4750000000	6.4750000000
5.4800000000	6.4800000000
5.4850000000	6.4850000000
5.4900000000	6.4900000000
5.4950000000	6.4950000000
5.5000000000	6.5000000000
5.5050000000	6.5050000000
5.5100000000	6.5100000000
5.5150000000	6.5150000000
5.5200000000	6.5200000000
5.5250000000	6.5250000000
5.5300000000	6.5300000000
5.5350000000	6.5350000000
5.5400000000	6.5400000000
5.5450000000	6.5450000000
5.5500000000	6.5500000000
5.5550000000	6.5550000000
5.5600000000	6.5600000000
5.5650000000	6.5650000000
5.5700000000	6.5700000000
5.5750000000	6.5750000000
5.5800000000	6.5800000000
5.5850000000	6.5850000000
5.5900000000	6.5900000000
5.5950000000	6.5950000000
5.6000000000	6.6000000000
5.6050000000	6.6050000000
5.6100000000	6.6100000000
5.6150000000	6.6150000000
5.6200000000	6.6200000000
5.6250000000	6.6250000000
5.6300000000	6.6300000000
5.6350000000	6.6350000000
5.6400000000	6.6400000000
5.6450000000	6.6450000000
5.6500000000	6.6500000000
5.6550000000	6.6550000000
5.6600000000	6.6600000000
5.6650000000	6.6650000000
5.6700000000	6.6700000000
5.6750000000	6.6750000000
5.6800000000	6.6800000000
5.6850000000	6.6850000000
5.6900000000	6.6900000000
5.6950000000	6.6950000000
5.7000000000	6.7000000000
5.7050000000	6.7050000000
5.7100000000	6.7100000000
5.7150000000	6.7150000000
5.7200000000	6.7200000000
5.7250000000	6.7250000000
5.7300000000	6.7300000000
5.7350000000	6.7350000000
5.7400000000	6.7400000000
5.7450000000	6.7450000000
5.7500000000	6.7500000000
5.7550000000	6.7550000000
5.7600000000	6.7600000000
5.7650000000	6.7650000000
5.7700000000	6.7700000000
5.7750000000	6.7750000000
5.7800000000	6.7800000000
5.7850000000	6.7850000000
5.7900000000	6.7900000000
5.7950000000	6.7950000000
5.8000000000	6.8000000000
5.8050000000	6.8050000000
5.8100000000	6.8100000000
5.8150000000	6.8150000000
5.8200000000	6.8200000000
5.8250000000	6.8250000000
5.8300000000	6.8300000000
5.8350000000	6.8350000000
5.8400000000	6.8400000000
5.8450000000	6.8450000000
5.8500000000	6.8500000000
5.8550000000	6.8550000000
5.8600000000	6.8600000000
5.8650000000	6.8650000000
5.8700000000	6.8700000000
5.8750000000	6.8750000000
5.8800000000	6.8800000000
5.8850000000	6.8850000000
5.8900000000	6.8900000000
5.8950000000	6.8950000000
5.9000000000	6.9000000000
5.9050000000	6.9050000000
5.9100000000	6.9100000000
5.9150000000	6.9150000000
5.9200000000	6.9200000000
5.9250000000	6.9250000000
5.9300000000	6.9300000000
5.9350000000	6.9350000000
5.9400000000	6.9400000000
5.9450000000	6.9450000000
5.9500000000	6.9500000000
5.9550000000	6.9550000000
5.9600000000	6.9600000000
5.9650000000	6.9650000000
5.9700000000	6.9700000000
5.9750000000	6.9750000000
5.9800000000	6.9800000000
5.9850000000	6.9850000000
5.9900000000	6.9900000000
5.9950000000	6.9950000000
6.0000000000	7.0000000000
6.0050000000	7.0050000000
6.0100000000	7.0100000000
6.0150000000	7.0150000000
6.0200000000	7.0200000000
6.0250000000	7.0250000000
6.0300000000	7.0300000000
6.0350000000	7.0350000000
6.0400000000	7.0400000000
6.0450000000	7.0450000000
6.0500000000	7.0500000000
6.0550000000	7.0550000000
6.0600000000	7.0600000000
6.0650000000	7.0650000000
6.0700000000	7.0700000000
6.0750000000	7.0750000000
6.0800000000	7.0800000000
6.0850000000	7.0850000000
6.0900000000	7.0900000000
6.0950000000	7.0950000000
6.1000000000	7.1000000000
6.1050000000	7.1050000000
6.1100000000	7.1100000000
6.1150000000	7.1150000000
6.1200000000	7.1200000000
6.1250000000	7.1250000000
6.1300000000	7.1300000000
6.1350000000	7.1350000000
6.1400000000	7.1400000000
6.1450000000	7.1450000000
6.1500000000	7.1500000000
6.1550000000	7.1550000000
6.1600000000	7.1600000000
6.1650000000	7.1650000000
6.1700000000	7.1700000000
6.1750000000	7.1750000000
6.1800000000	7.1800000000
6.1850000000	7.1850000000
6.1900000000	7.1900000000
6.1950000000	7.1950000000
6.2000000000	7.2000000000
6.2050000000	7.2050000000
6.2100000000	7.2100000000
6.2150000000	7.2150000000
6.2200000000	7.2200000000
6.2250000000	7.2250000000
6.2300000000	7.2300000000
6.2350000000	7.2350000000
6.2400000000	7.2400000000
6.2450000000	7.2450000000
6.2500000000	7.2500000000
6.2550000000	7.2550000000
6.2600000000	7.2600000000
6.2650000000	7.2650000000
6.2700000000	7.2700000000
6.2750000000	7.2750000000
6.2800000000	7.2800000000
6.2850000000	7.2850000000
6.2900000000	7.2900000000
6.2950000000	7.2950000000
6.3000000000	7.3000000000
6.3050000000	7.3050000000
6.3100000000	7.3100000000
6.3150000000	7.3150000000
6.3200000000	7.3200000000
6.3250000000	7.3250000000
6.3300000000	7.3300000000
6.3350000000	7.3350000000
6.3400000000	7.3400000000
6.3450000000	7.3450000000
6.3500000000	7.3500000000
6.3550000000	7.3550000000
6.3600000000	7.3600000000
6.3650000000	7.3650000000
6.3700000000	7.3700000000
6.3750000000	7.3750000000
6.3800000000	7.3800000000
6.3850000000	7.3850000000
6.3900000000	7.3900000000
6.3950000000	7.3950000000
6.4000000000	7.4000000000
6.4050000000	7.4050000000
6.4100000000	7.4100000000
6.4150000000	7.4150000000
6.4200000000	7.4200000000
6.4250000000	7.4250000000
6.4300000000	7.4300000000
6.4350000000	7.4350000000
6.4400000000	7.4400000000
6.4450000000	7.4450000000
6.4500000000	7.4500000000
6.4550000000	7.4550000000
6.4600000000	7.4600000000
6.4650000000	7.4650000000
6.4700000000	7.4700000000
6.4750000000	7.4750000000
6.4800000000	7.4800000000
6.4850000000	7.4850000000
6.4900000000	7.4900000000
6.4950000000	7.4950000000
6.5000000000	7.5000000000
6.5050000000	7.5050000000
6.5100000000	7.5100000000
6.5150000000	7.5150000000
6.5200000000	7.5200000000
6.5250000000	7.5250000000
6.5300000000	7.5300000000
6.5350000000	7.5350000000
6.5400000000	7.5400000000
6.5450000000	7.5450000000
6.5500000000	7.5500000000
6.5550000000	7.5550000000
6.5600000000	7.5600000000
6.5650000000	7.5650000000
6.5700000000	7.5700000000
6.5750000000	7.5750000000
6.5800000000	7.5800000000
6.5850000000	7.5850000000
6.5900000000	7.5900000000
6.5950000000	7.5950000000
6.6000000000	7.6000000000
6.6050000000	7.6050000000
6.6100000000	7.6100000000
6.6150000000	7.6150000000
6.6200000000	7.6200000000
6.6250000000	7.6250000000
6.6300000000	7.6300000000
6.6350000000	7.6350000000
6.6400000000	7.6400000000
6.6450000000	7.6450000000
6.6500000000	7.6500000000
6.6550000000	7.6550000000
6.6600000000	7.6600000000
6.6650000000	7.6650000000
6.6700000000	7.6700000000
6.6750000000	7.6750000000
6.6800000000	7.6800000000
6.6850000000	7.6850000000
6.6900000000	7.6900000000
6.6950000000	7.6950000000
6.7000000000	7.7000000000
6.7050000000	7.7050000000
6.7100000000	7.7100000000
6.7150000000	7.7150000000
6.7200000000	7.7200000000
6.7250000000	7.7250000000
6.7300000000	7.7300000000
6.7350000000	7.7350000000
6.7400000000	7.7400000000
6.7450000000	7.7450000000
6.7500000000	7.7500000000
6.7550000000	7.7550000000
6.7600000000	7.7600000000
6.7650000000	7.7650000000
6.7700000000	7.7700000000
6.7750000000	7.7750000000
6.7800000000	7.7800000000
6.7850000000	7.7850000000
6.7900000000	7.7900000000
6.7950000000	7.7950000000
6.8000000000	7.8000000000
6.8050000000	7.8050000000
6.8100000000	7.8100000000
6.8150000000	7.8150000000
6.8200000000	7.8200000000
6.8250000000	7.8250000000
6.8300000000	7.8300000000
6.8350000000	7.8350000000
6.8400000000	7.8400000000
6.8450000000	7.8450000000
6.8500000000	7.8500000000
6.8550000000	7.8550000000
6.8600000000	7.8600000000
6.8650000000	7.8650000000
6.8700000000	7.8700000000
6.8750000000	7.8750000000
6.8800000000	7.8800000000
6.8850000000	7.8850000000
6.8900000000	7.8900000000
6.8950000000	7.8950000000
6.9000000000	7.9000000000
6.9050000000	7.9050000000
6.9100000000	7.9100000000
6.9150000000	7.9150000000
6.9200000000	7.9200000000
6.9250000000	7.9250000000
6.9300000000	7.9300000000
6.9350000000	7.9350000000
6.9400000000	7.9400000000
6.9450000000	7.9450000000
6.9500000000	7.9500000000
6.9550000000	7.9550000000
6.9600000000	7.9600000000
6.9650000000	7.9650000000
6.9700000000	7.9700000000
6.9750000000	7.9750000000
6.9800000000	7.9800000000
6.9850000000	7.9850000000
6.9900000000	7.9900000000
6.9950000000	7.9950000000
7.0000000000	8.0000000000
7.0050000000	8.0050000000
7.0100000000	8.0100000000
7.0150000000	8.0150000000
7.0200000000	8.0200000000
7.0250000000	8.0250000000
7.0300000000	8.0300000000
7.0350000000	8.0350000000
7.0400000000	8.0400000000
7.0450000000	8.0450000000
7.0500000000	8.0500000000
7.0550000000	8.0550000000
7.0600000000	8.0600000000
7.0650000000	8.0650000000
7.0700000000	8.0700000000
7.0750000000	8.0750000000
7.0800000000	8.0800000000
7.0850000000	8.0850000000
7.0900000000	8.0900000000
7.0950000000	8.0950000000
7.1000000000	8.1000000000
7.1050000000	8.1050000000
7.1100000000	8.1100000000
7.1150000000	8.1150000000
7.1200000000	8.1200000000
7.1250000000	8.1250000000
7.1300000000	8.1300000000
7.1350000000	8.1350000000
7.1400000000	8.1400000000
7.1450000000	8.1450000000
7.1500000000	8.1500000000
7.1550000000	8.1550000000
7.1600000000	8.1600000000
7.1650000000	8.1650000000
7.1700000000	8.1700000000
7.1750000000	8.1750000000
7.1800000000	8.1800000000
7.1850000000	8.1850000000
7.1900000000	8.1900000000
7.1950000000	8.1950000000
7.2000000000	8.2000000000
7.2050000000	8.2050000000
7.2100000000	8.2100000000
7.2150000000	8.2150000000
7.2200000000	8.2200000000
7.2250000000	8.2250000000
7.2300000000	8.2300000000
7.2350000000	8.2350000000
7.2400000000	8.2400000000
7.2450000000	8.2450000000
7.2500000000	8.2500000000
7.2550000000	8.2550000000
7.2600000000	8.2600000000
7.2650000000	8.2650000000
7.2700000000	8.2700000000
7.2750000000	8.2750000000
7.2800000000	8.2800000000
7.2850000000	8.2850000000
7.2900000000	8.2900000000
7.2950000000	8.2950000000
7.3000000000	8.3000000000
7.3050000000	8.3050000000
7.3100000000	8.3100000000
7.3150000000	8.3150000000
7.3200000000	8.3200000000
7.3250000000	8.3250000000
7.3300000000	8.3300000000
7.3350000000	8.3350000000
7.3400000000	8.3400000000
7.3450000000	8.3450000000
7.3500000000	8.3500000000
7.3550000000	8.3550000000
7.3600000000	8.3600000000
7.3650000000	8.3650000000
7.3700000000	8.3700000000
7.3750000000	8.3750000000
7.3800000000	8.3800000000
7.3850000000	8.3850000000
7.3900000000	8.3900000000
7.3950000000	8.3950000000
7.4000000000	8.4000000000
7.4050000000	8.4050000000
7.4100000000	8.4100000000
7.4150000000	8.4150000000
7.4200000000	8.4200000000
7.4250000000	8.4250000000
7.4300000000	8.4300000000
7.4350000000	8.4350000000
7.4400000000	8.4400000000
7.4450000000	8.4450000000
7.4500000000	8.4500000000
7.4550000000	8.4550000000
7.4600000000	8.4600000000
7.4650000000	8.4650000000
7.4700000000	8.4700000000
7.4750000000	8.4750000000
7.4800000000	8.4800000000
7.4850000000	8.4850000000
7.4900000000	8.4900000000
7.4950000000	8.4950000000
7.5000000000	8.5000000000
7.5050000000	8.5050000000
7.5100000000	8.5100000000
7.5150000000	8.5150000000
7.5200000000	8.5200000000
7.5250000000	8.5250000000
7.5300000000	8.5300000000
7.5350000000	8.5350000000
7.5400000000	8.5400000000
7.5450000000	8.5450000000
7.5500000000	8.5500000000
7.5550000000	8.5550000000
7.5600000000	8.5600000000
7.5650000000	8.5650000000
7.5700000000	8.5700000000
7.5750000000	8.5750000000
7.5800000000	8.5800000000
7.5850000000	8.5850000000
7.5900000000	8.5900000000
7.5950000000	8.5950000000
7.6000000000	8.6000000000
7.6050000000	8.6050000000
7.6100000000	8.6100000000
7.6150000000	8.6150000000
7.6200000000	8.6200000000
7.6250000000	8.6250000000
7.6300000000	8.6300000000
7.6350000000	8.6350000000
7.6400000000	8.6400000000
7.6450000000	8.6450000000
7.6500000000	8.6500000000
7.6550000000	8.6550000000
7.6600000000	8.6600000000
7.6650000000	8.6650000000
7.6700000000	8.6700000000
7.6750000000	8.6750000000
7.6800000000	8.6800000000
7.6850000000	8.6850000000
7.6900000000	8.6900000000
7.6950000000	8.6950000000
7.7000000000	8.7000000000
7.7050000000	8.7050000000
7.7100000000	8.7100000000
7.7150000000	8.7150000000
7.7200000000	8.7200000000
7.7250000000	8.7250000000
7.7300000000	8.7300000000
7.7350000000	8.7350000000
7.7400000000	8.7400000000
7.7450000000	8.7450000000
7.7500000000	8.7500000000
7.7550000000	8.7550000000
7.7600000000	8.7600000000
7.7650000000	8.7650000000
7.7700000000	8.7700000000
7.7750000000	8.7750000000
7.7800000000	8.7800000000
7.7850000000	8.7850000000
7.7900000000	8.7900000000
7.7950000000	8.7950000000
7.8000000000	8.8000000000
7.8050000000	8.8050000000
7.8100000000	8.8100000000
7.8150000000	8.8150000000
7.8200000000	8.8200000000
7.8250000000	8.8250000000
7.8300000000	8.8300000000
7.8350000000	8.8350000000
7.8400000000	8.8400000000
7.8450000000	8.8450000000
7.8500000000	8.8500000000
7.8550000000	8.8550000000
7.8600000000	8.8600000000
7.8650000000	8.8650000000
7.8700000000	8.8700000000
7.8750000000	8.8750000000
7.8800000000	8.8800000000
7.8850000000	8.8850000000
7.8900000000	8.8900000000
7.8950000000	8.8950000000
7.9000000000	8.9000000000
7.9050000000	8.9050000000
7.9100000000	8.9100000000
7.9150000000	8.9150000000
7.9200000000	8.9200000000
7.9250000000	8.9250000000
7.9300000000	8.9300000000
7.9350000000	8.9350000000
7.9400000000	8.9400000000
7.9450000000	8.9450000000
7.9500000000	8.9500000000
7.9550000000	8.9550000000
7.9600000000	8.9600000000
7.9650000000	8.9650000000
7.9700000000	8.9700000000
7.9750000000	8.9750000000
7.9800000000	8.9800000000
7.9850000000	8.9850000000
7.9900000000	8.9900000000
7.9950000000	8.9950000000
8.0000000000	9.0000000000
8.0050000000	9.0050000000
8.0100000000	9.0100000000
8.0150000000	9.0150000000
8.0200000000	9.0200000000
8.0250000000	9.0250000000
8.0300000000	9.0300000000
8.0350000000	9.0350000000
8.0400000000	9.0400000000
8.0450000000	9.0450000000
8.0500000000	9.0500000000
8.0550000000	9.0550000000
8.0600000000	9.0600000000
8.0650000000	9.0650000000
8.0700000000	9.0700000000
8.0750000000	9.0750000000
8.0800000000	9.0800000000
8.0850000000	9.0850000000
8.0900000000	9.0900000000
8.0950000000	9.0950000000
8.1000000000	9.1000000000
8.1050000000	9.1050000000
8.1100000000	9.1100000000
8.1150000000	9.1150000000
8.1200000000	9.1200000000
8.1250000000	9.1250000000
8.1300000000	9.1300000000
8.1350000000	9.1350000000
8.1400000000	9.1400000000
8.1450000000	9.1450000000
8.1500000000	9.1500000000
8.1550000000	9.1550000000
8.1600000000	9.1600000000
8.1650000000	9.1650000000
8.1700000000	9.1700000000
8.1750000000	9.1750000000
8.1800000000	9.1800000000
8.1850000000	9.1850000000
8.1900000000	9.1900000000
8.1950000000	9.1950000000
8.2000000000	9.2000000000
8.2050000000	9.2050000000
8.2100000000	9.2100000000
8.2150000000	9.2150000000
8.2200000000	9.2200000000
8.2250000000	9.2250000000
8.2300000000	9.2300000000
8.2350000000	9.2350000000
8.2400000000	9.2400000000
8.2450000000	9.2450000000
8.2500000000	9.2500000000
8.2550000000	9.2550000000
8.2600000000	9.2600000000
8.2650000000	9.2650000000
8.2700000000	9.2700000000
8.2750000000	9.2750000000
8.2800000000	9.2800000000
8.2850000000	9.2850000000
8.2900000000	9.2900000000
8.2950000000	9.2950000000
8.3000000000	9.3000000000
8.3050000000	9.3050000000
8.3100000000	9.3100000000
8.3150000000	9.3150000000
8.3200000000	9.3200000000
8.3250000000	9.3250000000
8.3300000000	9.3300000000
8.3350000000	9.3350000000
8.3400000000	9.3400000000
8.3450000000	9.3450000000
8.3500000000	9.3500000000
8.3550000000	9.3550000000
8.3600000000	9.3600000000
8.3650000000	9.3650000000
8.3700000000	9.3700000000
8.3750000000	9.3750000000
8.3800000000	9.3800000000
8.3850000000	9.3850000000
8.3900000000	9.3900000000
8.3950000000	9.3950000000
8.4000000000	9.4000000000
8.4050000000	9.4050000000
8.4100000000	9.4100000000
8.4150000000	9.4150000000
8.4200000000	9.4200000000
8.4250000000	9.4250000000
8.4300000000	9.4300000000
8.4350000000	9.4350000000
8.4400000000	9.4400000000
8.4450000000	9.4450000000
8.4500000000	9.4500000000
8.4550000000	9.4550000000
8.4600000000	9.4600000000
8.4650000000	9.4650000000
8.4700000000	9.4700000000
8.4750000000	9.4750000000
8.4800000000	9.4800000000
8.4850000000	9.4850000000
8.4900000000	9.4900000000
8.4950000000	9.4950000000
8.5000000000	9.5000000000
8.5050000000	9.5050000000
8.5100000000	9.5100000000
8.5150000000	9.5150000000
8.5200000000	9.5200000000
8.5250000000	9.5250000000
8.5300000000	9.5300000000
8.5350000000	9.5350000000
8.5400000000	9.5400000000
8.5450000000	9.5450000000
8.5500000000	9.5500000000
8.5550000000	9.5550000000
8.5600000000	9.5600000000
8.5650000000	9.5650000000
8.5700000000	9.5700000000
8.5750000000	9.5750000000
8.5800000000	9.5800000000
8.5850000000	9.5850000000
8.5900000000	9.5900000000
8.5950000000	9.5950000000
8.6000000000	9.6000000000
8.6050000000	9.6050000000
8.6100000000	9.6100000000
8.6150000000	9.6150000000
8.6200000000	9.6200000000
8.6250000000	9.6250000000
8.6300000000	9.6300000000
8.6350000000	9.6350000000
8.6400000000	9.6400000000
8.6450000000	9.6450000000
8.6500000000	9.6500000000
8.6550000000	9.6550000000
8.6600000000	9.6600000000
8.6650000000	9.6650000000
8.6700000000	9.6700000000
8.6750000000	9.6750000000
8.6800000000	9.6800000000
8.6850000000	9.6850000000
8.6900000000	9.6900000000
8.6950000000	9.6950000000
8.7000000000	9.7000000000
8.7050000000	9.7050000000
8.7100000000	9.7100000000
8.7150000000	9.7150000000
8.7200000000	9.7200000000
8.7250000000	9.7250000000
8.7300000000	9.7300000000
8.7350000000	9.7350000000
8.7400000000	9.7400000000
8.7450000000	9.7450000000
8.7500000000	9.7500000000
8.7550000000	9.7550000000
8.7600000000	9.7600000000
8.7650000000	9.7650000000
8.7700000000	9.7700000000
8.7750000000	9.7750000000
8.7800000000	9.7800000000
8.7850000000	9.7850000000
8.7900000000	9.7900000000
8.7950000000	9.7950000000
8.8000000000	9.8000000000
8.8050000000	9.8050000000
8.8100000000	9.8100000000
8.8150000000	9.8150000000
8.8200000000	9.8200000000
8.8250000000	9.8250000000
8.8300000000	9.8300000000
8.8350000000	9.8350000000
8.8400000000	9.8400000000
8.8450000000	9.8450000000
8.8500000000	9.8500000000
8.8550000000	9.8550000000
8.8600000000	9.8600000000
8.8650000000	9.8650000000
8.8700000000	9.8700000000
8.8750000000	9.8750000000
8.8800000000	9.8800000000
8.8850000000	9.8850000000
8.8900000000	9.8900000000
8.8950000000	9.8950000000
8.9000000000	9.9000000000
8.9050000000	9.9050000000
8.9100000000	9.9100000000
8.9150000000	9.9150000000
8.9200000000	9.9200000000
8.9250000000	9.9250000000
8.9300000000	9.9300000000
8.9350000000	9.9350000000
8.9400000000	9.9400000000
8.9450000000	9.9450000000
8.9500000000	9.9500000000
8.9550000000	9.9550000000
8.9600000000	9.9600000000
8.9650000000	9.9650000000
8.9700000000	9.9700000000
8.9750000000	9.9750000000
8.9800000000	9.9800000000
8.9850000000	9.9850000000
8.9900000000	9.9900000000
8.9950000000	9.9950000000
9.0000000000	10.0000000000
9.0050000000	10.0050000000
9.0100000000	10.0100000000
9.0150000000	10.0150000000
9.0200000000	10.0200000000
9.0250000000	10.0250000000
9.0300000000	10.0300000000
9.0350000000	10.0350000000
9.0400000000	10.0400000000
9.0450000000	10.0450000000
9.0500000000	10.0500000000
9.0550000000	10.0550000000
9.0600000000	10.0600000000
9.0650000000	10.0650000000
9.0700000000	10.0700000000
9.0750000000	10.0750000000
9.0800000000	10.0800000000
9.0850000000	10.0850000000
9.0900000000	10.0900000000
9.0950000000	10.0950000000
9.1000000000	10.1000000000
9.1050000000	10.1050000000
9.1100000000	10.1100000000
9.1150000000	10.1150000000
9.1200000000	10.1200000000
9.1250000000	10.1250000000
9.1300000000	10.1300000000
9.1350000000	10.1350000000
9.1400000000	10.1400000000
9.1450000000	10.1450000000
9.1500000000	10.1500000000
9.1550000000	10.1550000000
9.1600000000	10.1600000000
9.1650000000	10.1650000000
9.1700000000	10.1700000000
9.1750000000	10.1750000000
9.1800000000	10.1800000000
9.1850000000	10.1850000000
9.1900000000	10.1900000000
9.1950000000	10.1950000000
9.2000000000	10.2000000000
9.2050000000	10.2050000000
9.2100000000	10.2100000000
9.2150000000	10.2150000000
9.2200000000	10.2200000000
9.2250000000	10.2250000000
9.2300000000	10.2300000000
9.2350000000	10.2350000000
9.2400000000	10.2400000000
9.2450000000	10.2450000000
9.2500000000	10.2500000000
9.2550000000	10.2550000000
9.2600000000	10.2600000000
9.2650000000	10.2650000000
9.2700000000	10.2700000000
9.2750000000	10.2750000000
9.2800000000	10.2800000000
9.2850000000	10.2850000000
9.2900000000	10.2900000000
9.2950000000	10.2950000000
9.3000000000	10.3000000000
9.3050000000	10.3050000000
9.3100000000	10.3100000000
9.3150000000	10.3150000000
9.3200000000	10.3200000000
9.3250000000	10.3250000000
9.3300000000	10.3300000000
9.3350000000	10.3350000000
9.3400000000	10.3400000000
9.3450000000	10.3450000000
9.3500000000	10.3500000000
9.3550000000	10.3550000000
9.3600000000	10.3600000000
9.3650000000	10.3650000000
9.3700000000	10.3700000000
9.3750000000	10.3750000000
9.3800000000	10.3800000000
9.3850000000	10.3850000000
9.3900000000	10.3900000000
9.3950000000	10.3950000000
9.4000000000	10.4000000000
9.4050000000	10.4050000000
9.4100000000	10.4100000000
9.4150000000	10.4150000000
9.4200000000	10.4200000000
9.4250000000	10.4250000000
9.4300000000	10.4300000000
9.4350000000	10.4350000000
9.4400000000	10.4400000000
9.4450000000	10.4450000000
9.4500000000	10.4500000000
9.4550000000	10.4550000000
9.4600000000	10.4600000000
9.4650000000	10.4650000000
9.4700000000	10.4700000000
9.4750000000	10.4750000000
9.4800000000	10.4800000000
9.4850000000	10.4850000000
9.4900000000	10.4900000000
9.4950000000	10.4950000000
9.5000000000	10.5000000000
9.5050000000	10.5050000000
9.5100000000	10.5100000000
9.5150000000	10.5150000000
9.5200000000	10.5200000000
9.5250000000	10.5250000000
9.5300000000	10.5300000000
9.5350000000	10.5350000000
9.5400000000	10.5400000000
9.5450000000	10.5450000000
9.5500000000	10.5500000000
9.5550000000	10.5550000000
9.5600000000	10.5600000000
9.5650000000	10.5650000000
9.5700000000	10.5700000000
9.5750000000	10.5750000000
9.5800000000	10.5800000000
9.5850000000	10.5850000000
9.5900000000	10.5900000000
9.5950000000	10.5950000000
9.6000000000	10.6000000000
9.6050000000	10.6050000000
9.6100000000	10.6100000000
9.6150000000	10.6150000000
9.6200000000	10.6200000000
9.6250000000	10.6250000000
9.6300000000	10.6300000000
9.6350000000	10.6350000000
9.6400000000	10.6400000000
9.6450000000	10.6450000000
9.6500000000	10.6500000000
9.6550000000	10.6550000000
9.6600000000	10.6600000000
9.6650000000	10.6650000000
9.6700000000	10.6700000000
9.6750000000	10.6750000000
9.6800000000	10.6800000000
9.6850000000	10.6850000000
9.6900000000	10.6900000000
9.6950000000	10.6950000000
9.7000000000	10.7000000000
9.7050000000	10.7050000000
9.7100000000	10.7100000000
9.7150000000	10.7150000000
9.7200000000	10.7200000000
9.7250000000	10.7250000000
9.7300000000	10.7300000000
9.7350000000	10.7350000000
9.7400000000	10.7400000000
9.7450000000	10.7450000000
9.7500000000	10.7500000000
9.7550000000	10.7550000000
9.7600000000	10.7600000000
9.7650000000	10.7650000000
9.7700000000	10.7700000000
9.7750000000	10.7750000000
9.7800000000	10.7800000000
9.7850000000	10.7850000000
9.7900000000	10.7900000000
9.7950000000	10.7950000000
9.8000000000	10.8000000000
9.8050000000	10.8050000000
9.8100000000	10.8100000000
9.8150000000	10.8150000000
9.8200000000	10.8200000000
9.8250000000	10.8250000000
9.8300000000	10.8300000000
9.8350000000	10.8350000000
9.8400000000	10.8400000000
9.8450000000	10.8450000000
9.8500000000	10.8500000000
9.8550000000	10.8550000000
9.8600000000	10.8600000000
9.8650000000	10.8650000000
9.8700000000	10.8700000000
9.8750000000	10.8750000000
9.8800000000	10.8800000000
9.8850000000	10.8850000000
9.8900000000	10.8900000000
9.8950000000	10.8950000000
9.9000000000	10.9000000000
9.9050000000	10.9050000000
9.9100000000	10.9100000000
9.9150000000	10.9150000000
9.9200000000	10.9200000000
9.9250000000	10.9250000000
9.9300000000	10.9300000000
9.9350000000	10.9350000000
9.9400000000	10.9400000000
9.9450000000	10.9450000000
9.9500000000	10.9500000000
9.9550000000	10.9550000000
9.9600000000	10.9600000000
9.9650000000	10.9650000000
9.9700000000	10.9700000000
9.9750000000	10.9750000000
9.9800000000	10.9800000000
9.9850000000	10.9850000000
9.9900000000	10.9900000000
9.9950000000	10.9950000000
10.0000000000	11.0000000000
10.0050000000	11.0050000000
10.0100000000	11.0100000000
10.0150000000	11.0150000000
10.0200000000	11.0200000000
10.0250000000	11.0250000000
10.0300000000	11.0300000000
10.0350000000	11.0350000000
10.0400000000	11.0400000000
10.0450000000	11.0450000000
10.0500000000	11.0500000000
10.0550000000	11.0550000000
10.0600000000	11.0600000000
10.0650000000	11.0650000000
10.0700000000	11.0700000000
10.0750000000	11.0750000000
10.0800000000	11.0800000000
10.0850000000	11.0850000000
10.0900000000	11.0900000000
10.0950000000	11.0950000000
10.1000000000	11.1000000000
10.1050000000	11.1050000000
10.1100000000	11.1100000000
10.1150000000	11.1150000000
10.1200000000	11.1200000000
10.1250000000	11.1250000000
10.1300000000	11.1300000000
10.1350000000	11.1350000000
10.1400000000	11.1400000000
10.1450000000	11.1450000000
10.1500000000	11.1500000000
10.1550000000	11.1550000000
10.1600000000	11.1600000000
10.1650000000	11.1650000000
10.1700000000	11.1700000000
10.1750000000	11.1750000000
10.1800000000	11.1800000000
10.1850000000	11.1850000000
10.1900000000	11.1900000000
10.1950000000	11.1950000000
10.2000000000	11.2000000000
10.2050000000	11.2050000000
10.2100000000	11.2100000000
10.2150000000	11.2150000000
10.2200000000	11.2200000000
10.2250000000	11.2250000000
10.2300000000	11.2300000000
10.2350000000	11.2350000000
10.2400000000	11.2400000000
10.2450000000	11.2450000000
10.2500000000	11.2500000000
10.2550000000	11.2550000000
10.2600000000	11.2600000000
10.2650000000	11.2650000000
10.2700000000	11.2700000000
10.2750000000	11.2750000000
10.2800000000	11.2800000000
10.2850000000	11.2850000000
10.2900000000	11.2900000000
10.2950000000	11.2950000000
10.3000000000	11.3000000000
10.3050000000	11.3050000000
10.3100000000	11.3100000000
10.3150000000	11.3150000000
10.3200000000	11.3200000000
10.3250000000	11.3250000000
10.3300000000	11.3300000000
10.3350000000	11.3350000000
10.3400000000	11.3400000000
10.3450000000	11.3450000000
10.3500000000	11.3500000000
10.3550000000	11.3550000000
10.3600000000	11.3600000000
10.3650000000	11.3650000000
10.3700000000	11.3700000000
10.3750000000	11.3750000000
10.3800000000	11.3800000000
10.3850000000	11.3850000000
10.3900000000	11.3900000000
10.3950000000	11.3950000000
10.4000000000	11.4000000000
10.4050000000	11.4050000000
10.4100000000	11.4100000000
10.4150000000	11.4150000000
10.4200000000	11.4200000000
10.4250000000	11.4250000000
10.4300000000	11.4300000000
10.4350000000	11.4350000000
10.4400000000	11.4400000000
10.4450000000	11.4450000000
10.4500000000	11.4500000000
10.4550000000	11.4550000000
10.4600000000	11.4600000000
10.4650000000	11.4650000000
10.4700000000	11.4700000000
10.4750000000	11.4750000000
10.4800000000	11.4800000000
10.4850000000	11.4850000000
10.4900000000	11.4900000000
10.4950000000	11.4950000000
10.5000000000	11.5000000000
10.5050000000	11.5050000000
10.5100000000	11.5100000000
10.5150000000	11.5150000000
10.5200000000	11.5200000000
10.5250000000	11.5250000000
10.5300000000	11.5300000000
10.5350000000	11.5350000000
10.5400000000	11.5400000000
10.5450000000	11.5450000000
10.5500000000	11.5500000000
10.5550000000	11.5550000000
10.5600000000	11.5600000000
10.5650000000	11.5650000000
10.5700000000	11.5700000000
10.5750000000	11.5750000000
10.5800000000	11.5800000000
10.5850000000	11.5850000000
10.5900000000	11.5900000000
10.5950000000	11.5950000000
10.6000000000	11.6000000000
10.6050000000	11.6050000000
10.6100000000	11.6100000000
10.6150000000	11.6150000000
10.6200000000	11.6200000000
10.6250000000	11.6250000000
10.6300000000	11.6300000000
10.6350000000	11.6350000000
10.6400000000	11.6400000000
10.6450000000	11.6450000000
10.6500000000	11.6500000000
10.6550000000	11.6550000000
10.6600000000	11.6600000000
10.6650000000	11.6650000000
10.6700000000	11.6700000000
10.6750000000	11.6750000000
10.6800000000	11.6800000000
10.6850000000	11.6850000000
10.6900000000	11.6900000000
10.6950000000	11.6950000000
10.7000000000	11.7000000000
10.7050000000	11.7050000000
10.7100000000	11.7100000000
10.7150000000	11.7150000000
10.7200000000	11.7200000000
10.7250000000	11.7250000000
10.7300000000	11.7300000000
10.7350000000	11.7350000000
10.7400000000	11.7400000000
10.7450000000	11.7450000000
10.7500000000	11.7500000000
10.7550000000	11.7550000000
10.7600000000	11.7600000000
10.7650000000	11.7650000000
10.7700000000	11.7700000000
10.7750000000	11.7750000000
10.7800000000	11.7800000000
10.7850000000	11.7850000000
10.7900000000	11.7900000000
10.7950000000	11.7950000000
10.8000000000	11.8000000000
10.8050000000	11.8050000000
10.8100000000	11.8100000000
10.8150000000	11.8150000000
10.8200000000	11.8200000000
10.8250000000	11.8250000000
10.8300000000	11.8300000000
10.8350000000	11.8350000000
10.8400000000	11.8400000000
10.8450000000	11.8450000000
10.8500000000	11.8500000000
10.8550000000	11.8550000000
10.8600000000	11.8600000000
10.8650000000	11.8650000000
10.8700000000	11.8700000000
10.8750000000	11.8750000000
10.8800000000	11.8800000000
10.8850000000	11.8850000000
10.8900000000	11.8900000000
10.8950000000	11.8950000000
10.9000000000	11.9000000000
10.9050000000	11.9050000000
10.9100000000	11.9100000000
10.9150000000	11.9150000000
10.9200000000	11.9200000000
10.9250000000	11.9250000000
10.9300000000	11.9300000000
10.9350000000	11.9350000000
10.9400000000	11.9400000000
10.9450000000	11.9450000000
10.9500000000	11.9500000000
10.9550000000	11.9550000000
10.9600000000	11.9600000000
10.9650000000	11.9650000000
10.9700000000	11.9700000000
10.9750000000	11.9750000000
10.9800000000	11.9800000000
10.9850000000	11.9850000000
10.9900000000	11.9900000000
10.9950000000	11.9950000000
11.0000000000	12.0000000000
11.0050000000	12.0050000000
11.0100000000	12.0100000000
11.0150000000	12.0150000000
11.0200000000	12.0200000000
11.0250000000	12.0250000000
11.0300000000	12.0300000000
11.0350000000	12.0350000000
11.0400000000	12.0400000000
11.0450000000	12.0450000000
11.0500000000	12.0500000000
11.0550000000	12.0550000000
11.0600000000	12.0600000000
11.0650000000	12.0650000000
11.0700000000	12.0700000000
11.0750000000	12.0750000000
11.0800000000	12.0800000000
11.0850000000	12.0850000000
11.0900000000	12.0900000000
11.0950000000	12.0950000000
11.1000000000	12.1000000000
11.1050000000	12.1050000000
11.1100000000	12.1100000000
11.1150000000	12.1150000000
11.1200000000	12.1200000000
11.1250000000	12.1250000000
11.1300000000	12.1300000000
11.1350000000	12.1350000000
11.1400000000	12.1400000000
11.1450000000	12.1450000000
11.1500000000	12.1500000000
11.1550000000	12.1550000000
11.1600000000	12.1600000000
11.1650000000	12.1650000000
11.1700000000	12.1700000000
11.1750000000	12.1750000000
11.1800000000	12.1800000000
11.1850000000	12.1850000000
11.1900000000	12.1900000000
11.1950000000	12.1950000000
11.2000000000	12.2000000000
11.2050000000	12.2050000000
11.2100000000	12.2100000000
11.2150000000	12.2150000000
11.2200000000	12.2200000000
11.2250000000	12.2250000000
11.2300000000	12.2300000000
11.2350000000	12.2350000000
11.2400000000	12.2400000000
11.2450000000	12.2450000000
11.2500000000	12.2500000000
11.2550000000	12.2550000000
11.2600000000	12.2600000000
11.2650000000	12.2650000000
11.2700000000	12.2700000000
11.2750000000	12.2750000000
11.2800000000	12.2800000000
11.2850000000	12.2850000000
11.2900000000	12.2900000000
11.2950000000	12.2950000000
11.3000000000	12.3000000000
11.3050000000	12.3050000000
11.3100000000	12.3100000000
11.3150000000	12.3150000000
11.3200000000	12.3200000000
11.3250000000	12.3250000000
11.3300000000	12.3300000000
11.3350000000	12.3350000000
11.3400000000	12.3400000000
11.3450000000	12.3450000000
11.3500000000	12.3500000000
11.3550000000	12.3550000000
11.3600000000	12.3600000000
11.3650000000	12.3650000000
11.3700000000	12.3700000000
11.3750000000	12.3750000000
11.3800000000	12.3800000000
11.3850000000	12.3850000000
11.3900000000	12.3900000000
11.3950000000	12.3950000000
11.4000000000	12.4000000000
11.4050000000	12.4050000000
11.4100000000	12.4100000000
11.4150000000	12.4150000000
11.4200000000	12.4200000000
11.4250000000	12.4250000000
11.4300000000	12.4300000000
11.4350000000	12.4350000000
11.4400000000	12.4400000000
11.4450000000	12.4450000000
11.4500000000	12.4500000000
11.4550000000	12.4550000000
11.4600000000	12.4600000000
11.4650000000	12.4650000000
11.4700000000	12.4700000000
11.4750000000	12.4750000000
11.4800000000	12.4800000000
11.4850000000	12.4850000000
11.4900000000	12.4900000000
11.4950000000	12.4950000000
11.5000000000	12.5000000000
11.5050000000	12.5050000000
11.5100000000	12.5100000000
11.5150000000	12.5150000000
11.5200000000	12.5200000000
11.5250000000	12.5250000000
11.5300000000	12.5300000000
11.5350000000	12.5350000000
11.5400000000	12.5400000000
11.5450000000	12.5450000000
11.5500000000	12.5500000000
11.5550000000	12.5550000000
11.5600000000	12.5600000000
11.5650000000	12.5650000000
11.5700000000	12.5700000000
11.5750000000	12.5750000000
11.5800000000	12.5800000000
11.5850000000	12.5850000000
11.5900000000	12.5900000000
11.5950000000	12.5950000000
11.6000000000	12.6000000000
11.6050000000	12.6050000000
11.6100000000	12.6100000000
11.6150000000	12.6150000000
11.6200000000	12.6200000000
11.6250000000	12.6250000000
11.6300000000	12.6300000000
11.6350000000	12.6350000000
11.6400000000	12.6400000000
11.6450000000	12.6450000000
11.6500000000	12.6500000000
11.6550000000	12.6550000000
11.6600000000	12.6600000000
11.6650000000	12.6650000000
11.6700000000	12.6700000000
11.6750000000	12.6750000000
11.6800000000	12.6800000000
11.6850000000	12.6850000000
11.6900000000	12.6900000000
11.6950000000	12.6950000000
11.7000000000	12.7000000000
11.7050000000	12.7050000000
11.7100000000	12.7100000000
11.7150000000	12.7150000000
11.7200000000	12.7200000000
11.7250000000	12.7250000000
11.7300000000	12.7300000000
11.7350000000	12.7350000000
11.7400000000	12.7400000000
11.7450000000	12.7450000000
11.7500000000	12.7500000000
11.7550000000	12.7550000000
11.7600000000	12.7600000000
11.7650000000	12.7650000000
11.7700000000	12.7700000000
11.7750000000	12.7750000000
11.7800000000	12.7800000000
11.7850000000	12.7850000000
11.7900000000	12.7900000000
11.7950000000	12.7950000000
11.8000000000	12.8000000000
11.8050000000	12.8050000000
11.8100000000	12.8100000000
11.8150000000	12.8150000000
11.8200000000	12.8200000000
11.8250000000	12.8250000000
11.8300000000	12.8300000000
11.8350000000	12.8350000000
11.8400000000	12.8400000000
11.8450000000	12.8450000000
11.8500000000	12.8500000000
11.8550000000	12.8550000000
11.8600000000	12.8600000000
11.8650000000	12.8650000000
11.8700000000	12.8700000000
11.8750000000	12.8750000000
11.8800000000	12.8800000000
11.8850000000	12.8850000000
11.8900000000	12.8900000000
11.8950000000	12.8950000000
11.9000000000	12.9000000000
11.9050000000	12.9050000000
11.9100000000	12.9100000000
11.9150000000	12.9150000000
11.9200000000	12.9200000000
11.9250000000	12.9250000000
11.9300000000	12.9300000000
11.9350000000	12.9350000000
11.9400000000	12.9400000000
11.9450000000	12.9450000000
11.9500000000	12.9500000000
11.9550000000	12.9550000000
11.9600000000	12.9600000000
11.9650000000	12.9650000000
11.9700000000	12.9700000000
11.9750000000	12.9750000000
11.9800000000	12.9800000000
11.9850000000	12.9850000000
11.9900000000	12.9900000000
11.9950000000	12.9950000000
12.0000000000	13.0000000000
12.0050000000	13.0050000000
12.0100000000	13.0100000000
12.0150000000	13.0150000000
12.0200000000	13.0200000000
12.0250000000	13.0250000000
12.0300000000	13.0300000000
12.0350000000	13.0350000000
12.0400000000	13.0400000000
12.0450000000	13.0450000000
12.0500000000	13.0500000000
12.0550000000	13.0550000000
12.0600000000	13.0600000000
12.0650000000	13.0650000000
12.0700000000	13.0700000000
12.0750000000	13.0750000000
12.0800000000	13.0800000000
12.0850000000	13.0850000000
12.0900000000	13.0900000000
12.0950000000	13.0950000000
12.1000000000	13.1000000000
12.1050000000	13.1050000000
12.1100000000	13.1100000000
12.1150000000	13.1150000000
12.1200000000	13.1200000000
12.1250000000	13.1250000000
12.1300000000	13.1300000000
12.1350000000	13.1350000000
12.1400000000	13.1400000000
12.1450000000	13.1450000000
12.1500000000	13.1500000000
12.1550000000	13.1550000000
12.1600000000	13.1600000000
12.1650000000	13.1650000000
12.1700000000	13.1700000000
12.1750000000	13.1750000000
12.1800000000	13.1800000000
12.1850000000	13.1850000000
12.1900000000	13.1900000000
12.1950000000	13.1950000000
12.2000000000	13.2000000000
12.2050000000	13.2050000000
12.2100000000	13.2100000000
12.2150000000	13.2150000000
12.2200000000	13.2200000000
12.2250000000	13.2250000000
12.2300000000	13.2300000000
12.2350000000	13.2350000000
12.2400000000	13.2400000000
12.2450000000	13.2450000000
12.2500000000	13.2500000000
12.2550000000	13.2550000000
12.2600000000	13.2600000000
12.2650000000	13.2650000000
12.2700000000	13.2700000000
12.2750000000	13.2750000000
12.2800000000	13.2800000000
12.2850000000	13.2850000000
12.2900000000	13.2900000000
12.2950000000	13.2950000000
12.3000000000	13.3000000000
12.3050000000	13.3050000000
12.3100000000	13.3100000000
12.3150000000	13.3150000000
12.3200000000	13.3200000000
12.3250000000	13.3250000000
12.3300000000	13.3300000000
12.3350000000	13.3350000000
12.3400000000	13.3400000000
12.3450000000	13.3450000000
12.3500000000	13.3500000000
12.3550000000	13.3550000000
12.3600000000	13.3600000000
12.3650000000	13.3650000000
12.3700000000	13.3700000000
12.3750000000	13.3750000000
12.3800000000	13.3800000000
12.3850000000	13.3850000000
12.3900000000	13.3900000000
12.3950000000	13.3950000000
12.4000000000	13.4000000000
12.4050000000	13.4050000000
12.4100000000	13.4100000000
12.4150000000	13.4150000000
12.4200000000	13.4200000000
12.4250000000	13.4250000000
12.4300000000	13.4300000000
12.4350000000	13.4350000000
12.4400000000	13.4400000000
12.4450000000	13.4450000000
12.4500000000	13.4500000000
12.4550000000	13.4550000000
12.4600000000	13.4600000000
12.4650000000	13.4650000000
12.4700000000	13.4700000000
12.4750000000	13.4750000000
12.4800000000	13.4800000000
12.4850000000	13.4850000000
12.4900000000	13.4900000000
12.4950000000	13.4950000000
12.5000000000	13.5000000000
12.5050000000	13.5050000000
12.5100000000	13.5100000000
12.5150000000	13.5150000000
12.5200000000	13.5200000000
12.5250000000	13.5250000000
12.5300000000	13.5300000000
12.5350000000	13.5350000000
12.5400000000	13.5400000000
12.5450000000	13.5450000000
12.5500000000	13.5500000000
12.5550000000	13.5550000000
12.5600000000	13.5600000000
12.5650000000	13.5650000000
12.5700000000	13.5700000000
12.5750000000	13.5750000000
12.5800000000	13.5800000000
12.5850000000	13.5850000000
12.5900000000	13.5900000000
12.5950000000	13.5950000000
12.6000000000	13.6000000000
12.6050000000	13.6050000000
12.6100000000	13.6100000000
12.6150000000	13.6150000000
12.6200000000	13.6200000000
12.6250000000	13.6250000000
12.6300000000	13.6300000000
12.6350000000	13.6350000000
12.6400000000	13.6400000000
12.6450000000	13.6450000000
12.6500000000	13.6500000000
12.6550000000	13.6550000000
12.6600000000	13.6600000000
12.6650000000	13.6650000000
12.6700000000	13.6700000000
12.6750000000	13.6750000000
12.6800000000	13.6800000000
12.6850000000	13.6850000000
12.6900000000	13.6900000000
12.6950000000	13.6950000000
12.7000000000	13.7000000000
12.7050000000	13.7050000000
12.7100000000	13.7100000000
12.7150000000	13.7150000000
12.7200000000	13.7200000000
12.7250000000	13.7250000000
12.7300000000	13.7300000000
12.7350000000	13.7350000000
12.7400000000	13.7400000000
12.7450000000	13.7450000000
12.7500000000	13.7500000000
12.7550000000	13.7550000000
12.7600000000	13.7600000000
12.7650000000	13.7650000000
12.7700000000	13.7700000000
12.7750000000	13.7750000000
12.7800000000	13.7800000000
12.7850000000	13.7850000000
12.7900000000	13.7900000000
12.7950000000	13.7950000000
12.8000000000	13.8000000000
12.8050000000	13.8050000000
12.8100000000	13.8100000000
12.8150000000	13.8150000000
12.8200000000	13.8200000000
12.8250000000	13.8250000000
12.8300000000	13.8300000000
12.8350000000	13.8350000000
12.8400000000	13.8400000000
12.8450000000	13.8450000000
12.8500000000	13.8500000000
12.8550000000	13.8550000000
12.8600000000	13.8600000000
12.8650000000	13.8650000000
12.8700000000	13.8700000000
12.8750000000	13.8750000000
12.8800000000	13.8800000000
12.8850000000	13.8850000000
12.8900000000	13.8900000000
12.8950000000	13.8950000000
12.9000000000	13.9000000000
12.9050000000	13.9050000000
12.9100000000	13.9100000000
12.9150000000	13.9150000000
12.9200000000	13.9200000000
12.9250000000	13.9250000000
12.9300000000	13.9300000000
12.9350000000	13.9350000000
12.9400000000	13.9400000000
12.9450000000	13.9450000000
12.9500000000	13.9500000000
12.9550000000	13.9550000000
12.9600000000	13.9600000000
12.9650000000	13.9650000000
12.9700000000	13.9700000000
12.9750000000	13.9750000000
12.9800000000	13.9800000000
12.9850000000	13.9850000000
12.9900000000	13.9900000000
12.9950000000	13.9950000000
13.0000000000	14.0000000000
13.0050000000	14.0050000000
13.0100000000	14.0100000000
13.0150000000	14.0150000000
13.0200000000	14.0200000000
13.0250000000	14.0250000000
13.0300000000	14.0300000000
13.0350000000	14.0350000000
13.0400000000	14.0400000000
13.0450000000	14.0450000000
13.0500000000	14.0500000000
13.0550000000	14.0550000000
13.0600000000	14.0600000000
13.0650000000	14.0650000000
13.0700000000	14.0700000000
13.0750000000	14.0750000000
13.0800000000	14.0800000000
13.0850000000	14.0850000000
13.0900000000	14.0900000000
13.0950000000	14.0950000000
13.1000000000	14.1000000000
13.1050000000	14.1050000000
13.1100000000	14.1100000000
13.1150000000	14.1150000000
13.1200000000	14.1200000000
13.1250000000	14.1250000000
13.1300000000	14.1300000000
13.1350000000	14.1350000000
13.1400000000	14.1400000000
13.1450000000	14.1450000000
13.1500000000	14.1500000000
13.1550000000	14.1550000000
13.1600000000	14.1600000000
13.1650000000	14.1650000000
13.1700000000	14.1700000000
13.1750000000	14.1750000000
13.1800000000	14.1800000000
13.1850000000	14.1850000000
13.1900000000	14.1900000000
13.1950000000	14.1950000000
13.2000000000	14.2000000000
13.2050000000	14.2050000000
13.2100000000	14.2100000000
13.2150000000	14.2150000000
13.2200000000	14.2200000000
13.2250000000	14.2250000000
13.2300000000	14.2300000000
13.2350000000	14.2350000000
13.2400000000	14.2400000000
13.2450000000	14.2450000000
13.2500000000	14.2500000000
13.2550000000	14.2550000000
13.2600000000	14.2600000000
13.2650000000	14.2650000000
13.2700000000	14.2700000000
13.2750000000	14.2750000000
13.2800000000	14.2800000000
13.2850000000	14.2850000000
13.2900000000	14.2900000000
13.2950000000	14.2950000000
13.3000000000	14.3000000000
13.3050000000	14.3050000000
13.3100000000	14.3100000000
13.3150000000	14.3150000000
13.3200000000	14.3200000000
13.3250000000	14.3250000000
13.3300000000	14.3300000000
13.3350000000	14.3350000000
13.3400000000	14.3400000000
13.3450000000	14.3450000000
13.3500000000	14.3500000000
13.3550000000	14.3550000000
13.3600000000	14.3600000000
13.3650000000	14.3650000000
13.3700000000	14.3700000000
13.3750000000	14.3750000000
13.3800000000	14.3800000000
13.3850000000	14.3850000000
13.3900000000	14.3900000000
13.3950000000	14.3950000000
13.4000000000	14.4000000000
13.4050000000	14.4050000000
13.4100000000	14.4100000000
13.4150000000	14.4150000000
13.4200000000	14.4200000000
13.4250000000	14.4250000000
13.4300000000	14.4300000000
13.4350000000	14.4350000000
13.4400000000	14.4400000000
13.4450000000	14.4450000000
13.4500000000	14.4500000000
13.4550000000	14.4550000000
13.4600000000	14.4600000000
13.4650000000	14.4650000000
13.4700000000	14.4700000000
13.4750000000	14.4750000000
13.4800000000	14.4800000000
13.4850000000	14.4850000000
13.4900000000	14.4900000000
13.4950000000	14.4950000000
13.5000000000	14.5000000000
13.5050000000	14.5050000000
13.5100000000	14.5100000000
13.5150000000	14.5150000000
13.5200000000	14.5200000000
13.5250000000	14.5250000000
13.5300000000	14.5300000000
13.5350000000	14.5350000000
13.5400000000	14.5400000000
13.5450000000	14.5450000000
13.5500000000	14.5500000000
13.5550000000	14.5550000000
13.5600000000	14.5600000000
13.5650000000	14.5650000000
13.5700000000	14.5700000000
13.5750000000	14.5750000000
13.5800000000	14.5800000000
13.5850000000	14.5850000000
13.5900000000	14.5900000000
13.5950000000	14.5950000000
13.6000000000	14.6000000000
13.6050000000	14.6050000000
13.6100000000	14.6100000000
13.6150000000	14.6150000000
13.6200000000	14.6200000000
13.6250000000	14.6250000000
13.6300000000	14.6300000000
13.6350000000	14.6350000000
13.6400000000	14.6400000000
13.6450000000	14.6450000000
13.6500000000	14.6500000000
13.6550000000	14.6550000000
13.6600000000	14.6600000000
13.6650000000	14.6650000000
13.6700000000	14.6700000000
13.6750000000	14.6750000000
13.6800000000	14.6800000000
13.6850000000	14.6850000000
13.6900000000	14.6900000000
13.6950000000	14.6950000000
13.7000000000	14.7000000000
13.7050000000	14.7050000000
13.7100000000	14.7100000000
13.7150000000	14.7150000000
13.7200000000	14.7200000000
13.7250000000	14.7250000000
13.7300000000	14.7300000000
13.7350000000	14.7350000000
13.7400000000	14.7400000000
13.7450000000	14.7450000000
13.7500000000	14.7500000000
13.7550000000	14.7550000000
13.7600000000	14.7600000000
13.7650000000	14.7650000000
13.7700000000	14.7700000000
13.7750000000	14.7750000000
13.7800000000	14.7800000000
13.7850000000	14.7850000000
13.7900000000	14.7900000000
13.7950000000	14.7950000000
13.8000000000	14.8000000000
13.8050000000	14.8050000000
13.8100000000	14.8100000000
13.8150000000	14.8150000000
13.8200000000	14.8200000000
13.8250000000	14.8250000000
13.8300000000	14.8300000000
13.8350000000	14.8350000000
13.8400000000	14.8400000000
13.8450000000	14.8450000000
13.8500000000	14.8500000000
13.8550000000	14.8550000000
13.8600000000	14.8600000000
13.8650000000	14.8650000000
13.8700000000	14.8700000000
13.8750000000	14.8750000000
13.8800000000	14.8800000000
13.8850000000	14.8850000000
13.8900000000	14.8900000000
13.8950000000	14.8950000000
13.9000000000	14.9000000000
13.9050000000	14.9050000000
13.9100000000	14.9100000000
13.9150000000	14.9150000000
13.9200000000	14.9200000000
13.9250000000	14.9250000000
13.9300000000	14.9300000000
13.9350000000	14.9350000000
13.9400000000	14.9400000000
13.9450000000	14.9450000000
13.9500000000	14.9500000000
13.9550000000	14.9550000000
13.9600000000	14.9600000000
13.9650000000	14.9650000000
13.9700000000	14.9700000000
13.9750000000	14.9750000000
13.9800000000	14.9800000000
13.9850000000	14.9850000000
13.9900000000	14.9900000000
13.9950000000	14.9950000000
14.0000000000	15.0000000000
14.0050000000	15.0050000000
14.0100000000	15.0100000000
14.0150000000	15.0150000000
14.0200000000	15.0200000000
14.0250000000	15.0250000000
14.0300000000	15.0300000000
14.0350000000	15.0350000000
14.0400000000	15.0400000000
14.0450000000	15.0450000000
14.0500000000	15.0500000000
14.0550000000	15.0550000000
14.0600000000	15.0600000000
14.0650000000	15.0650000000
14.0700000000	15.0700000000
14.0750000000	15.0750000000
14.0800000000	15.0800000000
14.0850000000	15.0850000000
14.0900000000	15.0900000000
14.0950000000	15.0950000000
14.1000000000	15.1000000000
14.1050000000	15.1050000000
14.1100000000	15.1100000000
14.1150000000	15.1150000000
14.1200000000	15.1200000000
14.1250000000	15.1250000000
14.1300000000	15.1300000000
14.1350000000	15.1350000000
14.1400000000	15.1400000000
14.1450000000	15.1450000000
14.1500000000	15.1500000000
14.1550000000	15.1550000000
14.1600000000	15.1600000000
14.1650000000	15.1650000000
14.1700000000	15.1700000000
14.1750000000	15.1750000000
14.1800000000	15.1800000000
14.1850000000	15.1850000000
14.1900000000	15.1900000000
14.1950000000	15.1950000000
14.2000000000	15.2000000000
14.2050000000	15.2050000000
14.2100000000	15.2100000000
14.2150000000	15.2150000000
14.2200000000	15.2200000000
14.2250000000	15.2250000000
14.2300000000	15.2300000000
14.2350000000	15.2350000000
14.2400000000	15.2400000001
14.2450000000	15.2450000001
14.2500000000	15.2500000001
14.2550000000	15.2550000001
14.2600000000	15.2600000001
14.2650000000	15.2650000001
14.2700000000	15.2700000001
14.2750000000	15.2750000001
14.2800000000	15.2800000001
14.2850000000	15.2850000001
14.2900000000	15.2900000001
14.2950000000	15.2950000001
14.3000000000	15.3000000001
14.3050000000	15.3050000001
14.3100000000	15.3100000001
14.3150000000	15.3150000001
14.3200000000	15.3200000001
14.3250000000	15.3250000001
14.3300000000	15.3300000001
14.3350000000	15.3350000001
14.3400000000	15.3400000001
14.3450000000	15.3450000001
14.3500000000	15.3500000001
14.3550000000	15.3550000001
14.3600000000	15.3600000001
14.3650000000	15.3650000001
14.3700000000	15.3700000001
14.3750000000	15.3750000001
14.3800000000	15.3800000001
14.3850000000	15.3850000001
14.3900000000	15.3900000001
14.3950000000	15.3950000001
14.4000000000	15.4000000001
14.4050000000	15.4050000001
14.4100000000	15.4100000001
14.4150000000	15.4150000001
14.4200000000	15.4200000001
14.4250000000	15.4250000001
14.4300000000	15.4300000001
14.4350000000	15.4350000001
14.4400000000	15.4400000001
14.4450000000	15.4450000001
14.4500000000	15.4500000001
14.4550000000	15.4550000001
14.4600000000	15.4600000001
14.4650000000	15.4650000001
14.4700000000	15.4700000001
14.4750000000	15.4750000001
14.4800000000	15.4800000001
14.4850000000	15.4850000001
14.4900000000	15.4900000001
14.4950000000	15.4950000001
14.5000000000	15.5000000001
14.5050000000	15.5050000001
14.5100000000	15.5100000001
14.5150000000	15.5150000001
14.5200000000	15.5200000001
14.5250000000	15.5250000001
14.5300000000	15.5300000001
14.5350000000	15.5350000001
14.5400000000	15.5400000001
14.5450000000	15.5450000001
14.5500000000	15.5500000001
14.5550000000	15.5550000001
14.5600000000	15.5600000001
14.5650000000	15.5650000001
14.5700000000	15.5700000001
14.5750000000	15.5750000001
14.5800000000	15.5800000001
14.5850000000	15.5850000001
14.5900000000	15.5900000001
14.5950000000	15.5950000001
14.6000000000	15.6000000001
14.6050000000	15.6050000001
14.6100000000	15.6100000001
14.6150000000	15.6150000001
14.6200000000	15.6200000001
14.6250000000	15.6250000001
14.6300000000	15.6300000001
14.6350000000	15.6350000001
14.6400000000	15.6400000001
14.6450000000	15.6450000001
14.6500000000	15.6500000001
14.6550000000	15.6550000001
14.6600000000	15.6600000001
14.6650000000	15.6650000001
14.6700000000	15.6700000001
14.6750000000	15.6750000001
14.6800000000	15.6800000001
14.6850000000	15.6850000001
14.6900000000	15.6900000001
14.6950000000	15.6950000001
14.7000000000	15.7000000001
14.7050000000	15.7050000001
14.7100000000	15.7100000001
14.7150000000	15.7150000001
14.7200000000	15.7200000001
14.7250000000	15.7250000001
14.7300000000	15.7300000001
14.7350000000	15.7350000001
14.7400000000	15.7400000001
14.7450000000	15.7450000001
14.7500000000	15.7500000001
14.7550000000	15.7550000001
14.7600000000	15.7600000001
14.7650000000	15.7650000001
14.7700000000	15.7700000001
14.7750000000	15.7750000001
14.7800000000	15.7800000001
14.7850000000	15.7850000001
14.7900000000	15.7900000001
14.7950000000	15.7950000001
14.8000000000	15.8000000001
14.8050000000	15.8050000001
14.8100000000	15.8100000001
14.8150000000	15.8150000002
14.8200000000	15.8200000002
14.8250000000	15.8250000002
14.8300000000	15.8300000002
14.8350000000	15.8350000002
14.8400000000	15.8400000002
14.8450000000	15.8450000002
14.8500000000	15.8500000002
14.8550000000	15.8550000002
14.8600000000	15.8600000002
14.8650000000	15.8650000002
14.8700000000	15.8700000002
14.8750000000	15.8750000002
14.8800000000	15.8800000002
14.8850000000	15.8850000002
14.8900000000	15.8900000002
14.8950000000	15.8950000002
14.9000000000	15.9000000002
14.9050000000	15.9050000002
14.9100000000	15.9100000002
14.9150000000	15.9150000002
14.9200000000	15.9200000002
14.9250000000	15.9250000002
14.9300000000	15.9300000002
14.9350000000	15.9350000002
14.9400000000	15.9400000002
14.9450000000	15.9450000002
14.9500000000	15.9500000002
14.9550000000	15.9550000002
14.9600000000	15.9600000002
14.9650000000	15.9650000002
14.9700000000	15.9700000002
14.9750000000	15.9750000002
14.9800000000	15.9800000002
14.9850000000	15.9850000002
14.9900000000	15.9900000002
14.9950000000	15.9950000002
15.0000000000	16.0000000002
15.0050000000	16.0050000002
15.0100000000	16.0100000002
15.0150000000	16.0150000002
15.0200000000	16.0200000002
15.0250000000	16.0250000002
15.0300000000	16.0300000002
15.0350000000	16.0350000002
15.0400000000	16.0400000002
15.0450000000	16.0450000002
15.0500000000	16.0500000002
15.0550000000	16.0550000002
15.0600000000	16.0600000002
15.0650000000	16.0650000002
15.0700000000	16.0700000002
15.0750000000	16.0750000002
15.0800000000	16.0800000003
15.0850000000	16.0850000003
15.0900000000	16.0900000003
15.0950000000	16.0950000003
15.1000000000	16.1000000003
15.1050000000	16.1050000003
15.1100000000	16.1100000003
15.1150000000	16.1150000003
15.1200000000	16.1200000003
15.1250000000	16.1250000003
15.1300000000	16.1300000003
15.1350000000	16.1350000003
15.1400000000	16.1400000003
15.1450000000	16.1450000003
15.1500000000	16.1500000003
15.1550000000	16.1550000003
15.1600000000	16.1600000003
15.1650000000	16.1650000003
15.1700000000	16.1700000003
15.1750000000	16.1750000003
15.1800000000	16.1800000003
15.1850000000	16.1850000003
15.1900000000	16.1900000003
15.1950000000	16.1950000003
15.2000000000	16.2000000003
15.2050000000	16.2050000003
15.2100000000	16.2100000003
15.2150000000	16.2150000003
15.2200000000	16.2200000003
15.2250000000	16.2250000003
15.2300000000	16.2300000003
15.2350000000	16.2350000003
15.2400000000	16.2400000003
15.2450000000	16.2450000003
15.2500000000	16.2500000004
15.2550000000	16.2550000004
15.2600000000	16.2600000004
15.2650000000	16.2650000004
15.2700000000	16.2700000004
15.2750000000	16.2750000004
15.2800000000	16.2800000004
15.2850000000	16.2850000004
15.2900000000	16.2900000004
15.2950000000	16.2950000004
15.3000000000	16.3000000004
15.3050000000	16.3050000004
15.3100000000	16.3100000004
15.3150000000	16.3150000004
15.3200000000	16.3200000004
15.3250000000	16.3250000004
15.3300000000	16.3300000004
15.3350000000	16.3350000004
15.3400000000	16.3400000004
15.3450000000	16.3450000004
15.3500000000	16.3500000004
15.3550000000	16.3550000004
15.3600000000	16.3600000004
15.3650000000	16.3650000004
15.3700000000	16.3700000004
15.3750000000	16.3750000004
15.3800000000	16.3800000005
15.3850000000	16.3850000005
15.3900000000	16.3900000005
15.3950000000	16.3950000005
15.4000000000	16.4000000005
15.4050000000	16.4050000005
15.4100000000	16.4100000005
15.4150000000	16.4150000005
15.4200000000	16.4200000005
15.4250000000	16.4250000005
15.4300000000	16.4300000005
15.4350000000	16.4350000005
15.4400000000	16.4400000005
15.4450000000	16.4450000005
15.4500000000	16.4500000005
15.4550000000	16.4550000005
15.4600000000	16.4600000005
15.4650000000	16.4650000005
15.4700000000	16.4700000005
15.4750000000	16.4750000005
15.4800000000	16.4800000006
15.4850000000	16.4850000006
15.4900000000	16.4900000006
15.4950000000	16.4950000006
15.5000000000	16.5000000006
15.5050000000	16.5050000006
15.5100000000	16.5100000006
15.5150000000	16.5150000006
15.5200000000	16.5200000006
15.5250000000	16.5250000006
15.5300000000	16.5300000006
15.5350000000	16.5350000006
15.5400000000	16.5400000006
15.5450000000	16.5450000006
15.5500000000	16.5500000006
15.5550000000	16.5550000006
15.5600000000	16.5600000006
15.5650000000	16.5650000007
15.5700000000	16.5700000007
15.5750000000	16.5750000007
15.5800000000	16.5800000007
15.5850000000	16.5850000007
15.5900000000	16.5900000007
15.5950000000	16.5950000007
15.6000000000	16.6000000007
15.6050000000	16.6050000007
15.6100000000	16.6100000007
15.6150000000	16.6150000007
15.6200000000	16.6200000007
15.6250000000	16.6250000007
15.6300000000	16.6300000007
15.6350000000	16.6350000008
15.6400000000	16.6400000008
15.6450000000	16.6450000008
15.6500000000	16.6500000008
15.6550000000	16.6550000008
15.6600000000	16.6600000008
15.6650000000	16.6650000008
15.6700000000	16.6700000008
15.6750000000	16.6750000008
15.6800000000	16.6800000008
15.6850000000	16.6850000008
15.6900000000	16.6900000008
15.6950000000	16.6950000008
15.7000000000	16.7000000009
15.7050000000	16.7050000009
15.7100000000	16.7100000009
15.7150000000	16.7150000009
15.7200000000	16.7200000009
15.7250000000	16.7250000009
15.7300000000	16.7300000009
15.7350000000	16.7350000009
15.7400000000	16.7400000009
15.7450000000	16.7450000009
15.7500000000	16.7500000009
15.7550000000	16.7550000010
15.7600000000	16.7600000010
15.7650000000	16.7650000010
15.7700000000	16.7700000010
15.7750000000	16.7750000010
15.7800000000	16.7800000010
15.7850000000	16.7850000010
15.7900000000	16.7900000010
15.7950000000	16.7950000010
15.8000000000	16.8000000010
15.8050000000	16.8050000011
15.8100000000	16.8100000011
15.8150000000	16.8150000011
15.8200000000	16.8200000011
15.8250000000	16.8250000011
15.8300000000	16.8300000011
15.8350000000	16.8350000011
15.8400000000	16.8400000011
15.8450000000	16.8450000011
15.8500000000	16.8500000012
15.8550000000	16.8550000012
15.8600000000	16.8600000012
15.8650000000	16.8650000012
15.8700000000	16.8700000012
15.8750000000	16.8750000012
15.8800000000	16.8800000012
15.8850000000	16.8850000012
15.8900000000	16.8900000013
15.8950000000	16.8950000013
15.9000000000	16.9000000013
15.9050000000	16.9050000013
15.9100000000	16.9100000013
15.9150000000	16.9150000013
15.9200000000	16.9200000013
15.9250000000	16.9250000013
15.9300000000	16.9300000014
15.9350000000	16.9350000014
15.9400000000	16.9400000014
15.9450000000	16.9450000014
15.9500000000	16.9500000014
15.9550000000	16.9550000014
15.9600000000	16.9600000014
15.9650000000	16.9650000015
15.9700000000	16.9700000015
15.9750000000	16.9750000015
15.9800000000	16.9800000015
15.9850000000	16.9850000015
15.9900000000	16.9900000015
15.9950000000	16.9950000015
16.0000000000	17.0000000016
16.0050000000	17.0050000016
16.0100000000	17.0100000016
16.0150000000	17.0150000016
16.0200000000	17.0200000016
16.0250000000	17.0250000016
16.0300000000	17.0300000017
16.0350000000	17.0350000017
16.0400000000	17.0400000017
16.0450000000	17.0450000017
16.0500000000	17.0500000017
16.0550000000	17.0550000017
16.0600000000	17.0600000018
16.0650000000	17.0650000018
16.0700000000	17.0700000018
16.0750000000	17.0750000018
16.0800000000	17.0800000018
16.0850000000	17.0850000018
16.0900000000	17.0900000019
16.0950000000	17.0950000019
16.1000000000	17.1000000019
16.1050000000	17.1050000019
16.1100000000	17.1100000019
16.1150000000	17.1150000020
16.1200000000	17.1200000020
16.1250000000	17.1250000020
16.1300000000	17.1300000020
16.1350000000	17.1350000020
16.1400000000	17.1400000021
16.1450000000	17.1450000021
16.1500000000	17.1500000021
16.1550000000	17.1550000021
16.1600000000	17.1600000022
16.1650000000	17.1650000022
16.1700000000	17.1700000022
16.1750000000	17.1750000022
16.1800000000	17.1800000022
16.1850000000	17.1850000023
16.1900000000	17.1900000023
16.1950000000	17.1950000023
16.2000000000	17.2000000023
16.2050000000	17.2050000024
16.2100000000	17.2100000024
16.2150000000	17.2150000024
16.2200000000	17.2200000024
16.2250000000	17.2250000025
16.2300000000	17.2300000025
16.2350000000	17.2350000025
16.2400000000	17.2400000025
16.2450000000	17.2450000026
16.2500000000	17.2500000026
16.2550000000	17.2550000026
16.2600000000	17.2600000026
16.2650000000	17.2650000027
16.2700000000	17.2700000027
16.2750000000	17.2750000027
16.2800000000	17.2800000027
16.2850000000	17.2850000028
16.2900000000	17.2900000028
16.2950000000	17.2950000028
16.3000000000	17.3000000029
16.3050000000	17.3050000029
16.3100000000	17.3100000029
16.3150000000	17.3150000029
16.3200000000	17.3200000030
16.3250000000	17.3250000030
16.3300000000	17.3300000030
16.3350000000	17.3350000031
16.3400000000	17.3400000031
16.3450000000	17.3450000031
16.3500000000	17.3500000032
16.3550000000	17.3550000032
16.3600000000	17.3600000032
16.3650000000	17.3650000033
16.3700000000	17.3700000033
16.3750000000	17.3750000033
16.3800000000	17.3800000034
16.3850000000	17.3850000034
16.3900000000	17.3900000034
16.3950000000	17.3950000035
16.4000000000	17.4000000035
16.4050000000	17.4050000035
16.4100000000	17.4100000036
16.4150000000	17.4150000036
16.4200000000	17.4200000036
16.4250000000	17.4250000037
16.4300000000	17.4300000037
16.4350000000	17.4350000038
16.4400000000	17.4400000038
16.4450000000	17.4450000038
16.4500000000	17.4500000039
16.4550000000	17.4550000039
16.4600000000	17.4600000040
16.4650000000	17.4650000040
16.4700000000	17.4700000040
16.4750000000	17.4750000041
16.4800000000	17.4800000041
16.4850000000	17.4850000042
16.4900000000	17.4900000042
16.4950000000	17.4950000042
16.5000000000	17.5000000043
16.5050000000	17.5050000043
16.5100000000	17.5100000044
16.5150000000	17.5150000044
16.5200000000	17.5200000045
16.5250000000	17.5250000045
16.5300000000	17.5300000046
16.5350000000	17.5350000046
16.5400000000	17.5400000047
16.5450000000	17.5450000047
16.5500000000	17.5500000047
16.5550000000	17.5550000048
16.5600000000	17.5600000048
16.5650000000	17.5650000049
16.5700000000	17.5700000049
16.5750000000	17.5750000050
16.5800000000	17.5800000050
16.5850000000	17.5850000051
16.5900000000	17.5900000052
16.5950000000	17.5950000052
16.6000000000	17.6000000053
16.6050000000	17.6050000053
16.6100000000	17.6100000054
16.6150000000	17.6150000054
16.6200000000	17.6200000055
16.6250000000	17.6250000055
16.6300000000	17.6300000056
16.6350000000	17.6350000057
16.6400000000	17.6400000057
16.6450000000	17.6450000058
16.6500000000	17.6500000058
16.6550000000	17.6550000059
16.6600000000	17.6600000059
16.6650000000	17.6650000060
16.6700000000	17.6700000061
16.6750000000	17.6750000061
16.6800000000	17.6800000062
16.6850000000	17.6850000063
16.6900000000	17.6900000063
16.6950000000	17.6950000064
16.7000000000	17.7000000065
16.7050000000	17.7050000065
16.7100000000	17.7100000066
16.7150000000	17.7150000067
16.7200000000	17.7200000067
16.7250000000	17.7250000068
16.7300000000	17.7300000069
16.7350000000	17.7350000069
16.7400000000	17.7400000070
16.7450000000	17.7450000071
16.7500000000	17.7500000072
16.7550000000	17.7550000072
16.7600000000	17.7600000073
16.7650000000	17.7650000074
16.7700000000	17.7700000075
16.7750000000	17.7750000075
16.7800000000	17.7800000076
16.7850000000	17.7850000077
16.7900000000	17.7900000078
16.7950000000	17.7950000078
16.8000000000	17.8000000079
16.8050000000	17.8050000080
16.8100000000	17.8100000081
16.8150000000	17.8150000082
16.8200000000	17.8200000083
16.8250000000	17.8250000083
16.8300000000	17.8300000084
16.8350000000	17.8350000085
16.8400000000	17.8400000086
16.8450000000	17.8450000087
16.8500000000	17.8500000088
16.8550000000	17.8550000089
16.8600000000	17.8600000090
16.8650000000	17.8650000091
16.8700000000	17.8700000092
16.8750000000	17.8750000093
16.8800000000	17.8800000093
16.8850000000	17.8850000094
16.8900000000	17.8900000095
16.8950000000	17.8950000096
16.9000000000	17.9000000097
16.9050000000	17.9050000098
16.9100000000	17.9100000099
16.9150000000	17.9150000100
16.9200000000	17.9200000102
16.9250000000	17.9250000103
16.9300000000	17.9300000104
16.9350000000	17.9350000105
16.9400000000	17.9400000106
16.9450000000	17.9450000107
16.9500000000	17.9500000108
16.9550000000	17.9550000109
16.9600000000	17.9600000110
16.9650000000	17.9650000111
16.9700000000	17.9700000113
16.9750000000	17.9750000114
16.9800000000	17.9800000115
16.9850000000	17.9850000116
16.9900000000	17.9900000117
16.9950000000	17.9950000119
17.0000000000	18.0000000120
17.0050000000	18.0050000121
17.0100000000	18.0100000122
17.0150000000	18.0150000124
17.0200000000	18.0200000125
17.0250000000	18.0250000126
17.0300000000	18.0300000127
17.0350000000	18.0350000129
17.0400000000	18.0400000130
17.0450000000	18.0450000131
17.0500000000	18.0500000133
17.0550000000	18.0550000134
17.0600000000	18.0600000136
17.0650000000	18.0650000137
17.0700000000	18.0700000138
17.0750000000	18.0750000140
17.0800000000	18.0800000141
17.0850000000	18.0850000143
17.0900000000	18.0900000144
17.0950000000	18.0950000146
17.1000000000	18.1000000147
17.1050000000	18.1050000149
17.1100000000	18.1100000150
17.1150000000	18.1150000152
17.1200000000	18.1200000154
17.1250000000	18.1250000155
17.1300000000	18.1300000157
17.1350000000	18.1350000158
17.1400000000	18.1400000160
17.1450000000	18.1450000162
17.1500000000	18.1500000163
17.1550000000	18.1550000165
17.1600000000	18.1600000167
17.1650000000	18.1650000169
17.1700000000	18.1700000170
17.1750000000	18.1750000172
17.1800000000	18.1800000174
17.1850000000	18.1850000176
17.1900000000	18.1900000178
17.1950000000	18.1950000180
17.2000000000	18.2000000181
17.2050000000	18.2050000183
17.2100000000	18.2100000185
17.2150000000	18.2150000187
17.2200000000	18.2200000189
17.2250000000	18.2250000191
17.2300000000	18.2300000193
17.2350000000	18.2350000195
17.2400000000	18.2400000197
17.2450000000	18.2450000199
17.2500000000	18.2500000201
17.2550000000	18.2550000203
17.2600000000	18.2600000206
17.2650000000	18.2650000208
17.2700000000	18.2700000210
17.2750000000	18.2750000212
17.2800000000	18.2800000214
17.2850000000	18.2850000217
17.2900000000	18.2900000219
17.2950000000	18.2950000221
17.3000000000	18.3000000223
17.3050000000	18.3050000226
17.3100000000	18.3100000228
17.3150000000	18.3150000231
17.3200000000	18.3200000233
17.3250000000	18.3250000235
17.3300000000	18.3300000238
17.3350000000	18.3350000240
17.3400000000	18.3400000243
17.3450000000	18.3450000245
17.3500000000	18.3500000248
17.3550000000	18.3550000251
17.3600000000	18.3600000253
17.3650000000	18.3650000256
17.3700000000	18.3700000259
17.3750000000	18.3750000261
17.3800000000	18.3800000264
17.3850000000	18.3850000267
17.3900000000	18.3900000270
17.3950000000	18.3950000273
17.4000000000	18.4000000275
17.4050000000	18.4050000278
17.4100000000	18.4100000281
17.4150000000	18.4150000284
17.4200000000	18.4200000287
17.4250000000	18.4250000290
17.4300000000	18.4300000293
17.4350000000	18.4350000296
17.4400000000	18.4400000300
17.4450000000	18.4450000303
17.4500000000	18.4500000306
17.4550000000	18.4550000309
17.4600000000	18.4600000312
17.4650000000	18.4650000316
17.4700000000	18.4700000319
17.4750000000	18.4750000322
17.4800000000	18.4800000326
17.4850000000	18.4850000329
17.4900000000	18.4900000333
17.4950000000	18.4950000336
17.5000000000	18.5000000340
17.5050000000	18.5050000343
17.5100000000	18.5100000347
17.5150000000	18.5150000351
17.5200000000	18.5200000354
17.5250000000	18.5250000358
17.5300000000	18.5300000362
17.5350000000	18.5350000366
17.5400000000	18.5400000370
17.5450000000	18.5450000374
17.5500000000	18.5500000378
17.5550000000	18.5550000382
17.5600000000	18.5600000386
17.5650000000	18.5650000390
17.5700000000	18.5700000394
17.5750000000	18.5750000398
17.5800000000	18.5800000402
17.5850000000	18.5850000407
17.5900000000	18.5900000411
17.5950000000	18.5950000415
17.6000000000	18.6000000420
17.6050000000	18.6050000424
17.6100000000	18.6100000429
17.6150000000	18.6150000433
17.6200000000	18.6200000438
17.6250000000	18.6250000442
17.6300000000	18.6300000447
17.6350000000	18.6350000452
17.6400000000	18.6400000457
17.6450000000	18.6450000462
17.6500000000	18.6500000467
17.6550000000	18.6550000472
17.6600000000	18.6600000477
17.6650000000	18.6650000482
17.6700000000	18.6700000487
17.6750000000	18.6750000492
17.6800000000	18.6800000497
17.6850000000	18.6850000503
17.6900000000	18.6900000508
17.6950000000	18.6950000513
17.7000000000	18.7000000519
17.7050000000	18.7050000524
17.7100000000	18.7100000530
17.7150000000	18.7150000536
17.7200000000	18.7200000541
17.7250000000	18.7250000547
17.7300000000	18.7300000553
17.7350000000	18.7350000559
17.7400000000	18.7400000565
17.7450000000	18.7450000571
17.7500000000	18.7500000577
17.7550000000	18.7550000583
17.7600000000	18.7600000590
17.7650000000	18.7650000596
17.7700000000	18.7700000602
17.7750000000	18.7750000609
17.7800000000	18.7800000615
17.7850000000	18.7850000622
17.7900000000	18.7900000629
17.7950000000	18.7950000635
17.8000000000	18.8000000642
17.8050000000	18.8050000649
17.8100000000	18.8100000656
17.8150000000	18.8150000663
17.8200000000	18.8200000670
17.8250000000	18.8250000678
17.8300000000	18.8300000685
17.8350000000	18.8350000692
17.8400000000	18.8400000700
17.8450000000	18.8450000707
17.8500000000	18.8500000715
17.8550000000	18.8550000723
17.8600000000	18.8600000731
17.8650000000	18.8650000739
17.8700000000	18.8700000747
17.8750000000	18.8750000755
17.8800000000	18.8800000763
17.8850000000	18.8850000771
17.8900000000	18.8900000780
17.8950000000	18.8950000788
17.9000000000	18.9000000797
17.9050000000	18.9050000805
17.9100000000	18.9100000814
17.9150000000	18.9150000823
17.9200000000	18.9200000832
17.9250000000	18.9250000841
17.9300000000	18.9300000850
17.9350000000	18.9350000859
17.9400000000	18.9400000869
17.9450000000	18.9450000878
17.9500000000	18.9500000888
17.9550000000	18.9550000898
17.9600000000	18.9600000908
17.9650000000	18.9650000918
17.9700000000	18.9700000928
17.9750000000	18.9750000938
17.9800000000	18.9800000948
17.9850000000	18.9850000959
17.9900000000	18.9900000969
17.9950000000	18.9950000980
18.0000000000	19.0000000991
18.0050000000	19.0050001002
18.0100000000	19.0100001013
18.0150000000	19.0150001024
18.0200000000	19.0200001035
18.0250000000	19.0250001047
18.0300000000	19.0300001058
18.0350000000	19.0350001070
18.0400000000	19.0400001082
18.0450000000	19.0450001094
18.0500000000	19.0500001106
18.0550000000	19.0550001119
18.0600000000	19.0600001131
18.0650000000	19.0650001144
18.0700000000	19.0700001157
18.0750000000	19.0750001170
18.0800000000	19.0800001183
18.0850000000	19.0850001196
18.0900000000	19.0900001210
18.0950000000	19.0950001223
18.1000000000	19.1000001237
18.1050000000	19.1050001251
18.1100000000	19.1100001265
18.1150000000	19.1150001280
18.1200000000	19.1200001294
18.1250000000	19.1250001309
18.1300000000	19.1300001324
18.1350000000	19.1350001339
18.1400000000	19.1400001354
18.1450000000	19.1450001370
18.1500000000	19.1500001385
18.1550000000	19.1550001401
18.1600000000	19.1600001417
18.1650000000	19.1650001434
18.1700000000	19.1700001450
18.1750000000	19.1750001467
18.1800000000	19.1800001484
18.1850000000	19.1850001501
18.1900000000	19.1900001519
18.1950000000	19.1950001536
18.2000000000	19.2000001554
18.2050000000	19.2050001572
18.2100000000	19.2100001591
18.2150000000	19.2150001610
18.2200000000	19.2200001628
18.2250000000	19.2250001648
18.2300000000	19.2300001667
18.2350000000	19.2350001687
18.2400000000	19.2400001707
18.2450000000	19.2450001727
18.2500000000	19.2500001748
18.2550000000	19.2550001769
18.2600000000	19.2600001790
18.2650000000	19.2650001811
18.2700000000	19.2700001833
18.2750000000	19.2750001855
18.2800000000	19.2800001878
18.2850000000	19.2850001900
18.2900000000	19.2900001923
18.2950000000	19.2950001947
18.3000000000	19.3000001971
18.3050000000	19.3050001995
18.3100000000	19.3100002019
18.3150000000	19.3150002044
18.3200000000	19.3200002070
18.3250000000	19.3250002095
18.3300000000	19.3300002121
18.3350000000	19.3350002148
18.3400000000	19.3400002175
18.3450000000	19.3450002202
18.3500000000	19.3500002230
18.3550000000	19.3550002258
18.3600000000	19.3600002286
18.3650000000	19.3650002315
18.3700000000	19.3700002345
18.3750000000	19.3750002375
18.3800000000	19.3800002406
18.3850000000	19.3850002437
18.3900000000	19.3900002468
18.3950000000	19.3950002500
18.4000000000	19.4000002533
18.4050000000	19.4050002566
18.4100000000	19.4100002600
18.4150000000	19.4150002634
18.4200000000	19.4200002669
18.4250000000	19.4250002705
18.4300000000	19.4300002741
18.4350000000	19.4350002777
18.4400000000	19.4400002815
18.4450000000	19.4450002853
18.4500000000	19.4500002892
18.4550000000	19.4550002931
18.4600000000	19.4600002971
18.4650000000	19.4650003012
18.4700000000	19.4700003054
18.4750000000	19.4750003096
18.4800000000	19.4800003140
18.4850000000	19.4850003184
18.4900000000	19.4900003229
18.4950000000	19.4950003274
18.5000000000	19.5000003321
