0.0000000000000000	1.0000000000000000
0.1000000000000000	1.1000000000000001
0.2000000000000000	1.2000000000000000
0.3000000000000000	1.3000000000000000
0.4000000000000000	1.4000000000000001
0.5000000000000000	1.5000000000000000
0.6000000000000001	1.6000000000000001
0.7000000000000001	1.7000000000000002
0.8000000000000000	1.8000000000000000
0.9000000000000000	1.8999999999999999
1.0000000000000000	2.0000000000000000
1.1000000000000001	2.0999999999999996
1.2000000000000002	2.2000000000000002
1.3000000000000000	2.2999999999999998
1.4000000000000001	2.4000000000000004
1.5000000000000000	2.5000000000000000
1.6000000000000001	2.6000000000000001
1.7000000000000002	2.7000000000000002
1.8000000000000000	2.8000000000000007
1.9000000000000001	2.9000000000000004
2.0000000000000000	3.0000000000000000
2.1000000000000001	3.1000000000000001
2.2000000000000002	3.2000000000000002
2.3000000000000003	3.2999999999999998
2.4000000000000004	3.4000000000000004
2.5000000000000000	3.4999999999999996
2.6000000000000001	3.6000000000000001
2.7000000000000002	3.7000000000000002
2.8000000000000003	3.7999999999999994
2.9000000000000004	3.8999999999999999
3.0000000000000000	3.9999999999999996
3.1000000000000001	4.0999999999999996
3.2000000000000002	4.2000000000000002
3.3000000000000003	4.3000000000000007
3.4000000000000004	4.4000000000000004
3.5000000000000000	4.4999999999999991
3.6000000000000001	4.5999999999999996
3.7000000000000002	4.7000000000000002
3.8000000000000003	4.8000000000000007
3.9000000000000004	4.8999999999999986
4.0000000000000000	5.0000000000000000
4.1000000000000005	5.0999999999999988
4.2000000000000002	5.2000000000000011
4.2999999999999998	5.2999999999999989
4.4000000000000004	5.3999999999999986
4.5000000000000000	5.4999999999999991
4.6000000000000005	5.5999999999999979
4.7000000000000002	5.7000000000000002
4.8000000000000007	5.7999999999999980
4.9000000000000004	5.8999999999999986
5.0000000000000000	5.9999999999999982
5.1000000000000005	6.0999999999999996
5.2000000000000002	6.1999999999999984
5.3000000000000007	6.2999999999999998
5.4000000000000004	6.4000000000000004
5.5000000000000000	6.4999999999999991
5.6000000000000005	6.5999999999999996
5.7000000000000002	6.6999999999999975
5.8000000000000007	6.7999999999999989
5.9000000000000004	6.9000000000000004
6.0000000000000000	6.9999999999999964
6.1000000000000005	7.0999999999999988
6.2000000000000002	7.1999999999999984
6.3000000000000007	7.2999999999999972
6.4000000000000004	7.3999999999999959
6.5000000000000000	7.4999999999999982
6.6000000000000005	7.5999999999999979
6.7000000000000002	7.6999999999999975
6.8000000000000007	7.7999999999999972
6.9000000000000004	7.8999999999999986
7.0000000000000000	7.9999999999999964
7.1000000000000005	8.0999999999999943
7.2000000000000002	8.1999999999999957
7.3000000000000007	8.2999999999999972
7.4000000000000004	8.3999999999999950
7.5000000000000000	8.4999999999999947
7.6000000000000005	8.5999999999999943
7.7000000000000002	8.6999999999999957
7.8000000000000007	8.7999999999999954
7.9000000000000004	8.8999999999999950
8.0000000000000000	8.9999999999999947
8.0999999999999996	9.0999999999999943
8.2000000000000011	9.1999999999999940
8.3000000000000007	9.2999999999999918
8.4000000000000004	9.3999999999999932
8.5000000000000000	9.4999999999999929
8.5999999999999996	9.5999999999999925
8.7000000000000011	9.6999999999999922
8.8000000000000007	9.7999999999999954
8.9000000000000004	9.8999999999999950
9.0000000000000000	9.9999999999999893
9.0999999999999996	10.0999999999999890
9.2000000000000011	10.1999999999999886
9.3000000000000007	10.2999999999999901
9.4000000000000004	10.3999999999999932
9.5000000000000000	10.4999999999999893
9.6000000000000014	10.5999999999999979
9.7000000000000011	10.6999999999999869
9.8000000000000007	10.7999999999999918
9.9000000000000004	10.8999999999999950
10.0000000000000000	10.9999999999999893
10.1000000000000014	11.0999999999999890
10.2000000000000011	11.1999999999999886
10.3000000000000007	11.2999999999999847
10.4000000000000004	11.3999999999999950
10.5000000000000000	11.4999999999999858
10.6000000000000014	11.5999999999999890
10.7000000000000011	11.6999999999999922
10.8000000000000007	11.7999999999999901
10.9000000000000004	11.8999999999999897
11.0000000000000000	11.9999999999999858
11.1000000000000014	12.0999999999999872
11.2000000000000011	12.1999999999999815
11.3000000000000007	12.2999999999999901
11.4000000000000004	12.3999999999999879
11.5000000000000000	12.4999999999999858
11.6000000000000014	12.5999999999999890
11.7000000000000011	12.6999999999999797
11.8000000000000007	12.7999999999999865
11.9000000000000004	12.8999999999999808
12.0000000000000000	12.9999999999999822
12.1000000000000014	13.0999999999999783
12.2000000000000011	13.1999999999999833
12.3000000000000007	13.2999999999999812
12.4000000000000004	13.3999999999999773
12.5000000000000000	13.4999999999999840
12.6000000000000014	13.5999999999999819
12.7000000000000011	13.6999999999999709
12.8000000000000007	13.7999999999999829
12.9000000000000004	13.8999999999999790
13.0000000000000000	13.9999999999999751
13.1000000000000014	14.0999999999999766
13.2000000000000011	14.1999999999999815
13.3000000000000007	14.2999999999999741
13.4000000000000004	14.3999999999999755
13.5000000000000000	14.4999999999999751
13.6000000000000014	14.5999999999999659
13.7000000000000011	14.6999999999999709
13.8000000000000007	14.7999999999999812
13.9000000000000004	14.8999999999999648
14.0000000000000000	14.9999999999999751
14.1000000000000014	15.0999999999999748
14.2000000000000011	15.1999999999999655
14.3000000000000007	15.2999999999999687
14.4000000000000004	15.3999999999999684
14.5000000000000000	15.4999999999999645
14.6000000000000014	15.5999999999999659
14.7000000000000011	15.6999999999999726
14.8000000000000007	15.7999999999999652
14.9000000000000004	15.8999999999999702
15.0000000000000000	15.9999999999999627
15.1000000000000014	16.0999999999999623
15.2000000000000011	16.1999999999999460
15.3000000000000007	16.2999999999999616
15.4000000000000004	16.3999999999999631
15.5000000000000000	16.4999999999999574
15.6000000000000014	16.5999999999999694
15.7000000000000011	16.6999999999999496
15.8000000000000007	16.7999999999999474
15.9000000000000004	16.8999999999999595
16.0000000000000000	16.9999999999999432
16.1000000000000014	17.0999999999999410
16.1999999999999993	17.1999999999999709
16.3000000000000007	17.2999999999999581
16.4000000000000021	17.3999999999999488
16.5000000000000000	17.4999999999999467
16.6000000000000014	17.5999999999999552
16.6999999999999993	17.6999999999999424
16.8000000000000007	17.7999999999999510
16.9000000000000021	17.8999999999999382
17.0000000000000000	17.9999999999999467
17.1000000000000014	18.0999999999999588
17.1999999999999993	18.1999999999999460
17.3000000000000007	18.2999999999999332
17.4000000000000021	18.3999999999999417
17.5000000000000000	18.4999999999999183
17.6000000000000014	18.5999999999999517
17.6999999999999993	18.6999999999999460
17.8000000000000007	18.7999999999999368
17.9000000000000021	18.8999999999999240
18.0000000000000000	18.9999999999999289
18.1000000000000014	19.0999999999999410
18.1999999999999993	19.1999999999999282
18.3000000000000007	19.2999999999999226
18.4000000000000021	19.3999999999999133
18.5000000000000000	19.4999999999999432
18.6000000000000014	19.5999999999999162
18.6999999999999993	19.6999999999999282
18.8000000000000007	19.7999999999999403
18.9000000000000021	19.8999999999999098
19.0000000000000000	19.9999999999999147
19.1000000000000014	20.0999999999999019
19.2000000000000028	20.1999999999999105
19.3000000000000007	20.2999999999999368
19.4000000000000021	20.3999999999999133
19.5000000000000000	20.4999999999999147
19.6000000000000014	20.5999999999999019
19.7000000000000028	20.6999999999999105
19.8000000000000007	20.7999999999999119
19.9000000000000021	20.8999999999998920
20.0000000000000000	20.9999999999998650
20.1000000000000014	21.0999999999999268
20.2000000000000028	21.1999999999998856
20.3000000000000007	21.2999999999999048
20.4000000000000021	21.3999999999999204
20.5000000000000000	21.4999999999998721
20.6000000000000014	21.5999999999998948
20.7000000000000028	21.6999999999999140
20.8000000000000007	21.7999999999998906
20.9000000000000021	21.8999999999998920
21.0000000000000000	21.9999999999998650
21.1000000000000014	22.0999999999998948
21.2000000000000028	22.1999999999998820
21.3000000000000007	22.2999999999998799
21.4000000000000021	22.3999999999998849
21.5000000000000000	22.4999999999998259
21.6000000000000014	22.5999999999998842
21.7000000000000028	22.6999999999998785
21.8000000000000007	22.7999999999998870
21.9000000000000021	22.8999999999998565
22.0000000000000000	22.9999999999998685
22.1000000000000014	23.0999999999998629
22.2000000000000028	23.1999999999998678
22.3000000000000007	23.2999999999998657
22.4000000000000021	23.3999999999998565
22.5000000000000000	23.4999999999998082
22.6000000000000014	23.5999999999998415
22.7000000000000028	23.6999999999998607
22.8000000000000007	23.7999999999998693
22.9000000000000021	23.8999999999997925
23.0000000000000000	23.9999999999998401
23.1000000000000014	24.0999999999998735
23.2000000000000028	24.1999999999997826
23.3000000000000007	24.2999999999998195
23.4000000000000021	24.3999999999998280
23.5000000000000000	24.4999999999997975
23.6000000000000014	24.5999999999998202
23.7000000000000028	24.6999999999998145
23.8000000000000007	24.7999999999998124
23.9000000000000021	24.8999999999998138
24.0000000000000000	24.9999999999998366
24.1000000000000014	25.0999999999998344
24.2000000000000028	25.1999999999998145
24.3000000000000007	25.2999999999998373
24.4000000000000021	25.3999999999997819
24.5000000000000000	25.4999999999997691
24.6000000000000014	25.5999999999997918
24.7000000000000028	25.6999999999997968
24.8000000000000007	25.7999999999997698
24.9000000000000021	25.8999999999997605
25.0000000000000000	25.9999999999997478
25.1000000000000014	26.0999999999997421
25.2000000000000028	26.1999999999997826
25.3000000000000007	26.2999999999997769
25.4000000000000021	26.3999999999997641
25.5000000000000000	26.4999999999997726
25.6000000000000014	26.5999999999997705
25.7000000000000028	26.6999999999997222
25.8000000000000007	26.7999999999997911
25.9000000000000021	26.8999999999997392
26.0000000000000000	26.9999999999997797
26.1000000000000014	27.0999999999997776
26.2000000000000028	27.1999999999997577
26.3000000000000007	27.2999999999997378
26.4000000000000021	27.3999999999997321
26.5000000000000000	27.4999999999997300
26.6000000000000014	27.5999999999997669
26.7000000000000028	27.6999999999997293
26.8000000000000007	27.7999999999997591
26.9000000000000021	27.8999999999997428
27.0000000000000000	27.9999999999997371
27.1000000000000014	28.0999999999997669
27.2000000000000028	28.1999999999997470
27.3000000000000007	28.2999999999997378
27.4000000000000021	28.3999999999997748
27.5000000000000000	28.4999999999998295
27.6000000000000014	28.5999999999997669
27.7000000000000028	28.6999999999997470
27.8000000000000007	28.7999999999997982
27.9000000000000021	28.8999999999998280
28.0000000000000000	28.9999999999997975
28.1000000000000014	29.0999999999997598
28.2000000000000028	29.1999999999997257
28.3000000000000007	29.2999999999998053
28.4000000000000021	29.3999999999998387
28.5000000000000000	29.4999999999997158
28.6000000000000014	29.5999999999998593
28.7000000000000028	29.6999999999998643
28.8000000000000007	29.7999999999998053
28.9000000000000021	29.8999999999997002
29.0000000000000000	29.9999999999998224
29.1000000000000014	30.0999999999998380
29.2000000000000028	30.1999999999998430
29.3000000000000007	30.2999999999998160
29.4000000000000021	30.3999999999998778
29.5000000000000000	30.4999999999998970
29.6000000000000014	30.5999999999998629
29.7000000000000028	30.6999999999999176
29.8000000000000007	30.7999999999999368
29.9000000000000021	30.8999999999998280
30.0000000000000000	30.9999999999999112
30.1000000000000014	31.0999999999998593
30.2000000000000028	31.1999999999999389
30.3000000000000007	31.2999999999999154
30.4000000000000021	31.3999999999999879
30.5000000000000000	31.4999999999999858
30.6000000000000014	31.5999999999999659
30.7000000000000028	31.6999999999998465
30.8000000000000007	31.7999999999999439
30.9000000000000021	31.8999999999999950
31.0000000000000000	31.9999999999999964
31.1000000000000014	32.1000000000000725
31.2000000000000028	32.2000000000000526
31.3000000000000007	32.3000000000000824
31.4000000000000021	32.4000000000000412
31.5000000000000000	32.5000000000000284
31.6000000000000014	32.6000000000001364
31.7000000000000028	32.7000000000001734
31.8000000000000007	32.8000000000000966
31.9000000000000021	32.9000000000001265
32.0000000000000000	33.0000000000001208
32.1000000000000014	33.1000000000001577
32.2000000000000028	33.2000000000002515
32.3000000000000043	33.3000000000002672
32.3999999999999986	33.4000000000001407
32.5000000000000000	33.5000000000002700
32.6000000000000014	33.6000000000001933
32.7000000000000028	33.7000000000002657
32.8000000000000043	33.8000000000003169
32.8999999999999986	33.9000000000003183
33.0000000000000000	34.0000000000002345
33.1000000000000014	34.1000000000003354
33.2000000000000028	34.2000000000003155
33.3000000000000043	34.3000000000004164
33.3999999999999986	34.4000000000003752
33.5000000000000000	34.5000000000003268
33.6000000000000014	34.6000000000003709
33.7000000000000028	34.7000000000004931
33.8000000000000043	34.8000000000004661
33.8999999999999986	34.9000000000005386
34.0000000000000000	35.0000000000005187
34.1000000000000014	35.1000000000004775
34.2000000000000028	35.2000000000005144
34.3000000000000043	35.3000000000007077
34.3999999999999986	35.4000000000005954
34.5000000000000000	35.5000000000005684
34.6000000000000014	35.6000000000007191
34.7000000000000028	35.7000000000007489
34.8000000000000043	35.8000000000005087
34.8999999999999986	35.9000000000007375
35.0000000000000000	36.0000000000009521
35.1000000000000014	36.1000000000008114
35.2000000000000028	36.2000000000008626
35.3000000000000043	36.3000000000008569
35.3999999999999986	36.4000000000007660
35.5000000000000000	36.5000000000008171
35.6000000000000014	36.6000000000006622
35.7000000000000028	36.7000000000009123
35.8000000000000043	36.8000000000009564
35.8999999999999986	36.9000000000009862
36.0000000000000000	37.0000000000010303
36.1000000000000014	37.1000000000010317
36.2000000000000028	37.2000000000012392
36.3000000000000043	37.3000000000010985
36.3999999999999986	37.4000000000010289
36.5000000000000000	37.5000000000010729
36.6000000000000014	37.6000000000010388
36.7000000000000028	37.7000000000011397
36.8000000000000043	37.8000000000013117
36.8999999999999986	37.9000000000014410
37.0000000000000000	38.0000000000013074
37.1000000000000014	38.1000000000011525
37.2000000000000028	38.2000000000013173
37.3000000000000043	38.3000000000013259
37.3999999999999986	38.4000000000014268
37.5000000000000000	38.5000000000015064
37.6000000000000014	38.6000000000013586
37.7000000000000028	38.7000000000015376
37.8000000000000043	38.8000000000014538
37.8999999999999986	38.9000000000015405
38.0000000000000000	39.0000000000015277
38.1000000000000014	39.1000000000017209
38.2000000000000028	39.2000000000016087
38.3000000000000043	39.3000000000016030
38.4000000000000057	39.4000000000016186
38.5000000000000000	39.5000000000017408
38.6000000000000014	39.6000000000018488
38.7000000000000028	39.7000000000017224
38.8000000000000043	39.8000000000017664
38.9000000000000057	39.9000000000015476
39.0000000000000000	40.0000000000015277
39.1000000000000014	40.1000000000017565
39.2000000000000028	40.2000000000017224
39.3000000000000043	40.3000000000018872
39.4000000000000057	40.4000000000017536
39.5000000000000000	40.5000000000019966
39.6000000000000014	40.6000000000016428
39.7000000000000028	40.7000000000018503
39.8000000000000043	40.8000000000020293
39.9000000000000057	40.9000000000018602
40.0000000000000000	41.0000000000018616
40.1000000000000014	41.1000000000019128
40.2000000000000028	41.2000000000018929
40.3000000000000043	41.3000000000019583
40.4000000000000057	41.4000000000020663
40.5000000000000000	41.5000000000020464
40.6000000000000014	41.6000000000018915
40.7000000000000028	41.7000000000019853
40.8000000000000043	41.8000000000018659
40.9000000000000057	41.9000000000019597
41.0000000000000000	42.0000000000019256
41.1000000000000014	42.1000000000019625
41.2000000000000028	42.2000000000019853
41.3000000000000043	42.3000000000019227
41.4000000000000057	42.4000000000018105
41.5000000000000000	42.5000000000019895
41.6000000000000014	42.6000000000019128
41.7000000000000028	42.7000000000021558
41.8000000000000043	42.8000000000016669
41.9000000000000057	42.9000000000018034
42.0000000000000000	43.0000000000019895
42.1000000000000014	43.1000000000021046
42.2000000000000028	43.2000000000020137
42.3000000000000043	43.3000000000021430
42.4000000000000057	43.4000000000016186
42.5000000000000000	43.5000000000019753
42.6000000000000014	43.6000000000017351
42.7000000000000028	43.7000000000020492
42.8000000000000043	43.8000000000019938
42.9000000000000057	43.9000000000019597
43.0000000000000000	44.0000000000019611
43.1000000000000014	44.1000000000017636
43.2000000000000028	44.2000000000017650
43.3000000000000043	44.3000000000016456
43.4000000000000057	44.4000000000016044
43.5000000000000000	44.5000000000021814
43.6000000000000014	44.6000000000019838
43.7000000000000028	44.7000000000017153
43.8000000000000043	44.8000000000019512
43.9000000000000057	44.9000000000015049
44.0000000000000000	45.0000000000014069
44.1000000000000014	45.1000000000019057
44.2000000000000028	45.2000000000017081
44.3000000000000043	45.3000000000019867
44.4000000000000057	45.4000000000014694
44.5000000000000000	45.5000000000014069
44.6000000000000014	45.6000000000015788
44.7000000000000028	45.7000000000014666
44.8000000000000043	45.8000000000016030
44.9000000000000057	45.9000000000016470
45.0000000000000000	46.0000000000016982
45.1000000000000014	46.1000000000017778
45.2000000000000028	46.2000000000012463
45.3000000000000043	46.3000000000015035
45.4000000000000057	46.4000000000011426
45.5000000000000000	46.5000000000008455
45.6000000000000014	46.6000000000012946
45.7000000000000028	46.7000000000017792
45.8000000000000043	46.8000000000015177
45.9000000000000057	46.9000000000014481
46.0000000000000000	47.0000000000018616
46.1000000000000014	47.1000000000008825
46.2000000000000028	47.2000000000011255
46.3000000000000043	47.3000000000010203
46.4000000000000057	47.4000000000012349
46.5000000000000000	47.5000000000010942
46.6000000000000014	47.6000000000011809
46.7000000000000028	47.7000000000013955
46.8000000000000043	47.8000000000012619
46.9000000000000057	47.9000000000005741
47.0000000000000000	48.0000000000014566
47.1000000000000014	48.1000000000009607
47.2000000000000028	48.2000000000011113
47.3000000000000043	48.3000000000011696
47.4000000000000057	48.4000000000008441
47.5000000000000000	48.5000000000008811
47.6000000000000014	48.6000000000004704
47.7000000000000028	48.7000000000007631
47.8000000000000043	48.8000000000009919
47.9000000000000057	48.9000000000010004
48.0000000000000000	49.0000000000009805
48.1000000000000014	49.1000000000005770
48.2000000000000028	49.2000000000009692
48.3000000000000043	49.3000000000007930
48.4000000000000057	49.4000000000005883
48.5000000000000000	49.5000000000006821
48.6000000000000014	49.6000000000007475
48.7000000000000028	49.7000000000003439
48.8000000000000043	49.8000000000004022
48.9000000000000057	49.9000000000001549
49.0000000000000000	50.0000000000001776
49.1000000000000014	50.1000000000003709
49.2000000000000028	50.2000000000005144
49.3000000000000043	50.3000000000006509
49.4000000000000057	50.4000000000003325
49.5000000000000000	50.5000000000001990
49.6000000000000014	50.5999999999998238
49.7000000000000028	50.7000000000003297
49.8000000000000043	50.7999999999998479
49.9000000000000057	50.8999999999997357
50.0000000000000000	51.0000000000000782
50.0999999999999943	51.1000000000002004
50.1999999999999957	51.1999999999997044
50.2999999999999972	51.2999999999994714
50.3999999999999986	51.3999999999999275
50.5000000000000000	51.4999999999995737
50.5999999999999943	51.5999999999999943
50.6999999999999957	51.6999999999990294
50.7999999999999972	51.7999999999996277
50.8999999999999986	51.9000000000000341
51.0000000000000000	51.9999999999993108
51.0999999999999943	52.0999999999995609
51.1999999999999957	52.1999999999993136
51.2999999999999972	52.2999999999989456
51.3999999999999986	52.3999999999984922
51.5000000000000000	52.4999999999991473
51.5999999999999943	52.5999999999996604
51.6999999999999957	52.6999999999987168
51.7999999999999972	52.7999999999992156
51.8999999999999986	52.8999999999989399
52.0000000000000000	52.9999999999982450
52.0999999999999943	53.0999999999980972
52.1999999999999957	53.1999999999983473
52.2999999999999972	53.2999999999983700
52.3999999999999986	53.3999999999985207
52.5000000000000000	53.4999999999988560
52.5999999999999943	53.5999999999977277
52.6999999999999957	53.6999999999981128
52.7999999999999972	53.7999999999978797
52.8999999999999986	53.8999999999972346
53.0000000000000000	53.9999999999982236
53.0999999999999943	54.0999999999977206
53.1999999999999957	54.1999999999969830
53.2999999999999972	54.2999999999973539
53.3999999999999986	54.3999999999973554
53.5000000000000000	54.4999999999972715
53.5999999999999943	54.5999999999972303
53.6999999999999957	54.6999999999975088
53.7999999999999972	54.7999999999967784
53.8999999999999986	54.8999999999959059
54.0000000000000000	54.9999999999963904
54.0999999999999943	55.0999999999962640
54.1999999999999957	55.1999999999965638
54.2999999999999972	55.2999999999963876
54.3999999999999986	55.3999999999962753
54.5000000000000000	55.4999999999964686
54.5999999999999943	55.5999999999954966
54.6999999999999957	55.6999999999953630
54.7999999999999972	55.7999999999950873
54.8999999999999986	55.8999999999955506
55.0000000000000000	55.9999999999958646
55.0999999999999943	56.0999999999941608
55.1999999999999957	56.1999999999946169
55.2999999999999972	56.2999999999954923
55.3999999999999986	56.3999999999949964
55.5000000000000000	56.4999999999945004
55.5999999999999943	56.5999999999939831
55.6999999999999957	56.6999999999939135
55.7999999999999972	56.7999999999938225
55.8999999999999986	56.8999999999937174
56.0000000000000000	56.9999999999938893
56.0999999999999943	57.0999999999933010
56.1999999999999957	57.1999999999939348
56.2999999999999972	57.2999999999931475
56.3999999999999986	57.3999999999922821
56.5000000000000000	57.4999999999928733
56.5999999999999943	57.5999999999924270
56.6999999999999957	57.6999999999925421
56.7999999999999972	57.7999999999926644
56.8999999999999986	57.8999999999918984
57.0000000000000000	57.9999999999924967
57.0999999999999943	58.0999999999911978
57.1999999999999957	58.1999999999912916
57.2999999999999972	58.2999999999917122
57.3999999999999986	58.3999999999907260
57.5000000000000000	58.4999999999908198
57.5999999999999943	58.5999999999910699
57.6999999999999957	58.6999999999904887
57.7999999999999972	58.7999999999910443
57.8999999999999986	58.8999999999906763
58.0000000000000000	58.9999999999898890
58.0999999999999943	59.0999999999905938
58.1999999999999957	59.1999999999903181
58.2999999999999972	59.2999999999899146
58.3999999999999986	59.3999999999897241
58.5000000000000000	59.4999999999890647
58.5999999999999943	59.5999999999897554
58.6999999999999957	59.6999999999887407
58.7999999999999972	59.7999999999889837
58.8999999999999986	59.8999999999894541
59.0000000000000000	59.9999999999881979
59.0999999999999943	60.0999999999879506
59.1999999999999957	60.1999999999884068
59.2999999999999972	60.2999999999878753
59.3999999999999986	60.3999999999874504
59.5000000000000000	60.4999999999873381
59.5999999999999943	60.5999999999870411
59.6999999999999957	60.6999999999884068
59.7999999999999972	60.7999999999871150
59.8999999999999986	60.8999999999869956
60.0000000000000000	60.9999999999873879
60.0999999999999943	61.0999999999864585
60.1999999999999957	61.1999999999875754
60.2999999999999972	61.2999999999873708
60.3999999999999986	61.3999999999854893
60.5000000000000000	61.4999999999859526
60.5999999999999943	61.5999999999864798
60.6999999999999957	61.6999999999857778
60.7999999999999972	61.7999999999863974
60.8999999999999986	61.8999999999854680
61.0000000000000000	61.9999999999853557
61.0999999999999943	62.0999999999859327
61.1999999999999957	62.1999999999848612
61.2999999999999972	62.2999999999859639
61.3999999999999986	62.3999999999852264
61.5000000000000000	62.4999999999833236
61.5999999999999943	62.5999999999852292
61.6999999999999957	62.6999999999863675
61.7999999999999972	62.7999999999841805
61.8999999999999986	62.8999999999834500
62.0000000000000000	62.9999999999842899
62.1000000000000014	63.0999999999842132
62.1999999999999957	63.1999999999848256
62.2999999999999972	63.2999999999834984
62.3999999999999986	63.3999999999832298
62.5000000000000000	63.4999999999845812
62.6000000000000014	63.5999999999837726
62.6999999999999957	63.6999999999829143
62.7999999999999972	63.7999999999837328
62.8999999999999986	63.8999999999833577
63.0000000000000000	63.9999999999829043
63.1000000000000014	64.0999999999842913
63.1999999999999957	64.1999999999826088
63.2999999999999972	64.2999999999828162
63.3999999999999986	64.3999999999829669
63.5000000000000000	64.4999999999828617
63.6000000000000014	64.5999999999828844
63.6999999999999957	64.6999999999824809
63.7999999999999972	64.7999999999823046
63.8999999999999986	64.8999999999830663
64.0000000000000000	64.9999999999838991
64.0999999999999943	65.0999999999815770
64.1999999999999886	65.1999999999818698
64.2999999999999972	65.2999999999825036
64.4000000000000057	65.3999999999816168
64.5000000000000000	65.4999999999827338
64.5999999999999943	65.5999999999823586
64.6999999999999886	65.6999999999810882
64.7999999999999972	65.7999999999818073
64.9000000000000057	65.8999999999830095
65.0000000000000000	65.9999999999816680
65.0999999999999943	66.0999999999815486
65.1999999999999886	66.1999999999809887
65.2999999999999972	66.2999999999795335
65.4000000000000057	66.3999999999824126
65.5000000000000000	66.4999999999822791
65.5999999999999943	66.5999999999810512
65.6999999999999886	66.6999999999810456
65.7999999999999972	66.7999999999808125
65.9000000000000057	66.8999999999811621
66.0000000000000000	66.9999999999811990
66.0999999999999943	67.0999999999815344
66.1999999999999886	67.1999999999798803
66.2999999999999972	67.2999999999806988
66.4000000000000057	67.3999999999815174
66.5000000000000000	67.4999999999809575
66.5999999999999943	67.5999999999811791
66.6999999999999886	67.6999999999804487
66.7999999999999972	67.7999999999801588
66.9000000000000057	67.8999999999807500
67.0000000000000000	67.9999999999812843
67.0999999999999943	68.0999999999805397
67.1999999999999886	68.1999999999798376
67.2999999999999972	68.2999999999813809
67.4000000000000057	68.3999999999794994
67.5000000000000000	68.4999999999795079
67.5999999999999943	68.5999999999804828
67.6999999999999886	68.6999999999797524
67.7999999999999972	68.7999999999803435
67.9000000000000057	68.8999999999798547
68.0000000000000000	68.9999999999796358
68.0999999999999943	69.0999999999804260
68.2000000000000028	69.1999999999802355
68.2999999999999972	69.2999999999805851
68.4000000000000057	69.3999999999800963
68.5000000000000000	69.4999999999803748
68.5999999999999943	69.5999999999790759
68.7000000000000028	69.6999999999793260
68.7999999999999972	69.7999999999800451
68.9000000000000057	69.8999999999805794
69.0000000000000000	69.9999999999806874
69.0999999999999943	70.0999999999794738
69.2000000000000028	70.1999999999781039
69.2999999999999972	70.2999999999791498
69.4000000000000057	70.3999999999793857
69.5000000000000000	70.4999999999816822
69.5999999999999943	70.5999999999796728
69.7000000000000028	70.6999999999786439
69.7999999999999972	70.7999999999783682
69.9000000000000057	70.8999999999785189
70.0000000000000000	70.9999999999806022
70.0999999999999943	71.0999999999809944
70.2000000000000028	71.1999999999784308
70.2999999999999972	71.2999999999780130
70.4000000000000057	71.3999999999781920
70.5000000000000000	71.4999999999800195
70.5999999999999943	71.5999999999797154
70.7000000000000028	71.6999999999793260
70.7999999999999972	71.7999999999788372
70.9000000000000057	71.8999999999777373
71.0000000000000000	71.9999999999796785
71.0999999999999943	72.0999999999789765
71.2000000000000028	72.1999999999792266
71.2999999999999972	72.2999999999791640
71.4000000000000057	72.3999999999775952
71.5000000000000000	72.4999999999784279
71.5999999999999943	72.5999999999780528
71.7000000000000028	72.6999999999774644
71.7999999999999972	72.7999999999790930
71.9000000000000057	72.8999999999790447
72.0000000000000000	72.9999999999795506
72.0999999999999943	73.0999999999775696
72.2000000000000028	73.1999999999781181
72.2999999999999972	73.2999999999785103
72.4000000000000057	73.3999999999770409
72.5000000000000000	73.4999999999786127
72.5999999999999943	73.5999999999802270
72.7000000000000028	73.6999999999780897
72.7999999999999972	73.7999999999772029
72.9000000000000057	73.8999999999771546
73.0000000000000000	73.9999999999788969
73.0999999999999943	74.0999999999777117
73.2000000000000028	74.1999999999777771
73.2999999999999972	74.2999999999799030
73.4000000000000057	74.3999999999759467
73.5000000000000000	74.4999999999772342
73.5999999999999943	74.5999999999784791
73.7000000000000028	74.6999999999771660
73.7999999999999972	74.7999999999787946
73.9000000000000057	74.8999999999773820
74.0000000000000000	74.9999999999776463
74.0999999999999943	75.0999999999752816
74.2000000000000028	75.1999999999749633
74.2999999999999972	75.2999999999784819
74.4000000000000057	75.3999999999768988
74.5000000000000000	75.4999999999757847
74.5999999999999943	75.5999999999782659
74.7000000000000028	75.6999999999735849
74.7999999999999972	75.7999999999738492
74.9000000000000057	75.8999999999768988
75.0000000000000000	75.9999999999758984
75.0999999999999943	76.0999999999759353
75.2000000000000028	76.1999999999748781
75.2999999999999972	76.2999999999748866
75.4000000000000057	76.3999999999774815
75.5000000000000000	76.4999999999719478
75.5999999999999943	76.5999999999758074
75.7000000000000028	76.6999999999775639
75.7999999999999972	76.7999999999726697
75.9000000000000057	76.8999999999738009
76.0000000000000000	76.9999999999735252
76.0999999999999943	77.0999999999736616
76.2000000000000028	77.1999999999759012
76.2999999999999972	77.2999999999741902
76.4000000000000057	77.3999999999737724
76.5000000000000000	77.4999999999737099
76.5999999999999943	77.5999999999700947
76.7000000000000028	77.6999999999754323
76.7999999999999972	77.7999999999734797
76.9000000000000057	77.8999999999708450
77.0000000000000000	77.9999999999745626
77.0999999999999943	78.0999999999714731
77.2000000000000028	78.1999999999710695
77.2999999999999972	78.2999999999739771
77.4000000000000057	78.3999999999696797
77.5000000000000000	78.4999999999704272
77.5999999999999943	78.5999999999717289
77.7000000000000028	78.6999999999683553
77.7999999999999972	78.7999999999727834
77.9000000000000057	78.8999999999686139
78.0000000000000000	78.9999999999684661
78.0999999999999943	79.0999999999722405
78.2000000000000028	79.1999999999671189
78.2999999999999972	79.2999999999684775
78.4000000000000057	79.3999999999716977
78.5000000000000000	79.4999999999666045
78.5999999999999943	79.5999999999685741
78.7000000000000028	79.6999999999697906
78.7999999999999972	79.7999999999638590
78.9000000000000057	79.8999999999694523
79.0000000000000000	79.9999999999694893
79.0999999999999943	80.0999999999656609
79.2000000000000028	80.1999999999699469
79.2999999999999972	80.2999999999652090
79.4000000000000057	80.3999999999651891
79.5000000000000000	80.4999999999684235
79.5999999999999943	80.5999999999597350
79.7000000000000028	80.6999999999657689
79.7999999999999972	80.7999999999702254
79.9000000000000057	80.8999999999591068
80.0000000000000000	80.9999999999627391
80.0999999999999943	81.0999999999663004
80.2000000000000028	81.1999999999614914
80.2999999999999972	81.2999999999642995
80.4000000000000057	81.3999999999650470
80.5000000000000000	81.4999999999601386
80.5999999999999943	81.5999999999680057
80.7000000000000028	81.6999999999584361
80.7999999999999972	81.7999999999568956
80.9000000000000057	81.8999999999703903
81.0000000000000000	81.9999999999577227
81.0999999999999943	82.0999999999551733
81.2000000000000028	82.1999999999669058
81.2999999999999972	82.2999999999589420
81.4000000000000057	82.3999999999546304
81.5000000000000000	82.4999999999630376
81.5999999999999943	82.5999999999538801
81.7000000000000028	82.6999999999595587
81.7999999999999972	82.7999999999634895
81.9000000000000057	82.8999999999509214
82.0000000000000000	82.9999999999611475
82.0999999999999943	83.0999999999616534
82.2000000000000028	83.1999999999439126
82.2999999999999972	83.2999999999600362
82.4000000000000057	83.3999999999636827
82.5000000000000000	83.4999999999452314
82.5999999999999943	83.5999999999530701
82.7000000000000028	83.6999999999610793
82.7999999999999972	83.7999999999468770
82.9000000000000057	83.8999999999569042
83.0000000000000000	83.9999999999527205
83.0999999999999943	84.0999999999430941
83.2000000000000028	84.1999999999613635
83.2999999999999972	84.2999999999528598
83.4000000000000057	84.3999999999370374
83.5000000000000000	84.4999999999611049
83.5999999999999943	84.5999999999547612
83.7000000000000028	84.6999999999347182
83.7999999999999972	84.7999999999598941
83.9000000000000057	84.8999999999519588
84.0000000000000000	84.9999999999339764
84.0999999999999943	85.0999999999575465
84.2000000000000028	85.1999999999470674
84.2999999999999972	85.2999999999348688
84.4000000000000057	85.3999999999578705
84.5000000000000000	85.4999999999423608
84.5999999999999943	85.5999999999287979
84.7000000000000028	85.6999999999617188
84.7999999999999972	85.7999999999456833
84.9000000000000057	85.8999999999225707
85.0000000000000000	85.9999999999580780
85.0999999999999943	86.0999999999456946
85.2000000000000028	86.1999999999219426
85.2999999999999972	86.2999999999589988
85.4000000000000057	86.3999999999397943
85.5000000000000000	86.4999999999192681
85.5999999999999943	86.5999999999611987
85.7000000000000028	86.6999999999444952
85.7999999999999972	86.7999999999144904
85.9000000000000057	86.8999999999574442
86.0000000000000000	86.9999999999379838
86.0999999999999943	87.0999999999079364
86.2000000000000028	87.1999999999585782
86.2999999999999972	87.2999999999466780
86.4000000000000057	87.3999999999049635
86.5000000000000000	87.4999999999530047
86.5999999999999943	87.5999999999411898
86.7000000000000028	87.6999999998984663
86.7999999999999972	87.7999999999540677
86.9000000000000057	87.8999999999545025
87.0000000000000000	87.9999999998938023
87.0999999999999943	88.0999999999423693
87.2000000000000028	88.1999999999589335
87.2999999999999972	88.2999999998920231
87.4000000000000057	88.3999999999307562
87.5000000000000000	88.4999999999608065
87.5999999999999943	88.5999999998932708
87.7000000000000028	88.6999999999306823
87.7999999999999972	88.7999999999666159
87.9000000000000057	88.8999999998842014
88.0000000000000000	88.9999999999121485
88.0999999999999943	89.0999999999827565
88.2000000000000028	89.1999999998888882
88.2999999999999972	89.2999999998927905
88.4000000000000057	89.3999999999896886
88.5000000000000000	89.4999999999080273
88.5999999999999943	89.5999999998714998
88.7000000000000028	89.6999999999774786
88.7999999999999972	89.7999999999208285
88.9000000000000057	89.8999999998653720
89.0000000000000000	89.9999999999717346
89.0999999999999943	90.0999999999323080
89.2000000000000028	90.1999999998446640
89.2999999999999972	90.2999999999674827
89.4000000000000057	90.3999999999650043
89.5000000000000000	90.4999999998275371
89.5999999999999943	90.5999999999403371
89.7000000000000028	90.6999999999974733
89.7999999999999972	90.7999999998315985
89.9000000000000057	90.8999999998906816
90.0000000000000000	91.0000000000168825
90.0999999999999943	91.0999999998553136
90.2000000000000028	91.1999999998616033
90.2999999999999972	91.3000000000192244
90.4000000000000057	91.3999999998785881
90.5000000000000000	91.4999999998213838
90.5999999999999943	91.6000000000200600
90.7000000000000028	91.6999999999228521
90.7999999999999972	91.7999999997774268
90.9000000000000057	91.8999999999996930
91.0000000000000000	91.9999999999914735
91.0999999999999943	92.0999999997594756
91.2000000000000028	92.1999999999226958
91.2999999999999972	92.3000000000462109
91.4000000000000057	92.3999999997885624
91.5000000000000000	92.4999999998478302
91.5999999999999943	92.6000000000732655
91.7000000000000028	92.6999999998399602
91.7999999999999972	92.7999999997698808
91.9000000000000057	92.9000000000720974
92.0000000000000000	92.9999999999188560
92.0999999999999943	93.0999999997024474
92.2000000000000028	93.2000000000294904
92.2999999999999972	93.3000000000323269
92.4000000000000057	93.3999999996706975
92.5000000000000000	93.4999999999091358
92.5999999999999943	93.6000000001345143
92.7000000000000028	93.6999999997230475
92.7999999999999972	93.7999999997677349
92.9000000000000057	93.9000000001676227
93.0000000000000000	93.9999999998481144
93.0999999999999943	94.0999999996357133
93.2000000000000028	94.2000000001200704
93.2999999999999972	94.3000000000223935
93.4000000000000057	94.3999999995581049
93.5000000000000000	94.4999999999641034
93.5999999999999943	94.6000000001953794
93.7000000000000028	94.6999999996135955
93.7999999999999972	94.7999999997446707
93.9000000000000057	94.9000000002839101
94.0000000000000000	94.9999999997916547
94.0999999999999943	95.0999999995191700
94.2000000000000028	95.2000000002255717
94.2999999999999972	95.3000000000715346
94.4000000000000057	95.3999999994006913
94.5000000000000000	95.4999999999849081
94.5999999999999943	95.6000000003450907
94.7000000000000028	95.6999999994922916
94.7999999999999972	95.7999999996146983
94.9000000000000057	95.9000000004500350
95.0000000000000000	95.9999999998247944
95.0999999999999943	96.0999999993056946
95.2000000000000028	96.2000000002705065
95.2999999999999972	96.3000000002580663
95.4000000000000057	96.3999999992303032
95.5000000000000000	96.4999999998456701
95.5999999999999943	96.6000000005928143
95.7000000000000028	96.6999999994832962
95.7999999999999972	96.7999999993088238
95.9000000000000057	96.9000000006176236
96.0000000000000000	97.0000000000734275
96.0999999999999943	97.0999999989548286
96.2000000000000028	97.2000000001467157
96.2999999999999972	97.3000000007031929
96.4000000000000057	97.3999999991368384
96.5000000000000000	97.4999999993658690
96.5999999999999943	97.6000000009050268
96.7000000000000028	97.6999999998419781
96.7999999999999972	97.7999999987624875
96.9000000000000057	97.9000000004783573
97.0000000000000000	98.0000000007361649
97.0999999999999943	98.0999999987377009
97.2000000000000028	98.1999999995013297
97.2999999999999972	98.3000000012745119
97.4000000000000057	98.3999999995436951
97.5000000000000000	98.4999999984902672
97.5999999999999943	98.6000000008858848
97.7000000000000028	98.7000000008737999
97.7999999999999972	98.7999999982927193
97.9000000000000057	98.8999999995422314
98.0000000000000000	99.0000000017195845
98.0999999999999943	99.0999999993380101
98.2000000000000028	99.1999999981517107
98.2999999999999972	99.3000000012930855
98.4000000000000057	99.4000000010890119
98.5000000000000000	99.4999999978322620
98.5999999999999943	99.5999999995999588
98.7000000000000028	99.7000000023240318
98.7999999999999972	99.7999999992272109
98.9000000000000057	99.8999999977307596
99.0000000000000000	100.0000000018000748
99.0999999999999943	100.1000000017363192
99.2000000000000028	100.1999999974676143
99.2999999999999972	100.2999999995082021
99.4000000000000057	100.4000000034188105
99.5000000000000000	100.4999999997486242
99.5999999999999943	100.5999999973671635
99.7000000000000028	100.7000000026444582
99.7999999999999972	100.8000000034023458
99.9000000000000057	100.8999999979298536
100.0000000000000000	100.9999999999561595
