0
0
-0.00003290075544312264
-0.000022123714094323327
-0.000017864308626354267
-0.000014929876132235318
-0.00001258307337180222
-0.000010592725653018844
-8.852405143526684e-6
-7.30147488975342e-6
-5.900854879737068e-6
-4.623367303556981e-6
-3.4491369716991636e-6
-2.3630962118737774e-6
-1.353510043956282e-6
-4.1103702023572413e-7
4.718873175940099e-7
1.3014840761945575e-6
2.082936300695653e-6
2.820607534083279e-6
3.518215244603572e-6
4.178948066050672e-6
4.805571671082076e-6
5.400495508261506e-6
5.9658406462269845e-6
6.5034799208398896e-6
7.015082641308551e-6
7.502141047206763e-6
7.965999253406296e-6
8.407870526386598e-6
8.828860286069023e-6
9.229974052175656e-6
9.61213618050959e-6
9.97619533323096e-6
0.00001032293558121657
0.000010653085431021172
0.000010967319523705233
0.000011266270396184293
0.00001155052751539552
0.00001182064658751418
0.000012077147842633028
0.00001232052499412439
0.000012551242976071064
0.000012769744441009301
0.000012976447745023594
0.000013171753238135581
0.000013356042114770746
0.00001352967824653824
0.000013693010904340591
0.000013846373565454904
0.000013990088580364108
0.000014124463627287737
0.000014249796716126697
0.000014366374110025955
0.00001447447242565285
0.000014574359544442358
0.000014666292827855771
0.000014750523722387584
0.000014827293849360286
0.000014896838259293553
0.000014959385676580164
0.000015015156274461133
0.000015064366199147197
0.0000151072240608502
0.00001514393334325214
0.000015174691836023305
0.000015199691530920726
0.000015219121189285264
0.000015233161749511781
0.000015241992661637112
0.000015245786531551271
0.000015244713000340687
0.000015238936378816022
0.000015228617740244105
0.0000152139135091553
0.000015194978384714407
0.000015171958549696735
0.000015145003510600247
0.00001511425142195308
0.000015079845026390122
0.000015041916120513637
0.000015000598828406663
0.000014956022443035806
0.000014908311145542665
0.000014857589025675054
0.000014803975514792022
0.000014747587329250735
0.00001468853921728274
0.000014626941955369358
0.000014562903565256388
0.00001449653157426066
0.00001442792731973367
0.000014357193465484567
0.00001428442656398179
0.000014209722883868203
0.000014133176615487214
0.00001405487731361189
0.000013974914481354838
0.000013893373554113061
0.00001381034007498719
0.000013725894625539534
0.00001364011726972568
0.000013553085191273317
0.000013464875068261786
0.000013375558787582125
0.000013285208973239784
0.000013193894021695281
0.000013101683157652492
0.000013008639237983501
0.000012914829092078366
0.000012820312199861177
0.000012725150065312001
0.00001262940049113194
0.000012533119834862821
0.000012436363711933503
0.00001233918509279443
0.000012241634900077792
0.00001214376454791977
0.00001204562124318311
0.000011947252239396162
0.000011848703290089828
0.000011750018128828438
0.000011651238859097753
0.000011552406713195771
0.000011453562430753514
0.00001135474157754697
0.000011255984772244253
0.000011157324186820072
0.00001105879677637438
0.000010960434755112165
0.000010862269007924555
0.000010764332107357254
0.000010666652585694205
0.000010569258633074841
0.000010472178130941032
0.000010375437053803172
0.000010279060181721063
0.00001018307252443237
0.000010087495653328553
9.992353344589509e-6
9.897665778168706e-6
9.803452885401677e-6
9.70973453826344e-6
9.616528839457324e-6
9.52385349084989e-6
9.431724212313676e-6
9.340158142289835e-6
9.249169011837624e-6
9.158771746179047e-6
9.068979615605132e-6
8.97980522797337e-6
8.891260582632834e-6
8.803356848980793e-6
8.716104232135317e-6
8.629513555747546e-6
8.543592891004735e-6
8.458351989482353e-6
8.37379726673414e-6
8.289938299045938e-6
8.20677990626384e-6
8.124329713380976e-6
8.042591628419087e-6
7.961573626840903e-6
7.881277414218485e-6
7.801709451537326e-6
7.7228727202884e-6
7.644768868925155e-6
7.567403986080282e-6
7.4907775486924535e-6
7.414892270056342e-6
7.339750637132912e-6
7.265352849590859e-6
7.191699571386102e-6
7.118792196196527e-6
7.046630024086084e-6
6.9752124728785935e-6
6.9045403357497106e-6
6.834611266135132e-6
6.765424231837362e-6
6.6969788247105165e-6
6.629272286940586e-6
6.562302481656376e-6
6.496068552595291e-6
6.430565648278964e-6
6.36579355673747e-6
6.301746735529732e-6
6.238424104615084e-6
6.175821255935362e-6
6.113935143258784e-6
6.05276053589057e-6
5.992295833400736e-6
5.932534318527007e-6
5.87347430290998e-6
5.815109402952471e-6
5.757435584710492e-6
5.700448749841648e-6
5.6441424620294835e-6
5.588514607883782e-6
5.5335563290510855e-6
5.479266466049085e-6
5.425636163038124e-6
5.372662465340985e-6
5.320338418970045e-6
5.268660200942892e-6
5.217619763552309e-6
5.167214088698676e-6
5.117434748513251e-6
5.068278146477934e-6
5.0197375893486086e-6
4.971806776121165e-6
4.9244806230657405e-6
4.877751497225553e-6
4.8316163119718424e-6
4.786065101577819e-6
4.741095466795687e-6
4.696699288051005e-6
4.6528702923740576e-6
4.609603711437438e-6
4.566892264212762e-6
4.524729727560171e-6
4.483111476243298e-6
4.442028843740026e-6
4.401478441762262e-6
4.361451356502192e-6
4.321944225680858e-6
4.282948847304494e-6
4.244459205435652e-6
4.2064710888252596e-6
4.168976719482426e-6
4.131969878678196e-6
4.095445465674119e-6
4.059397540908466e-6
4.023819559551499e-6
3.988705153429504e-6
3.954049845590165e-6
3.9198470599419505e-6
3.88608913922832e-6
3.852774124367606e-6
3.819892882217374e-6
3.78744102661948e-6
3.7554130227729088e-6
3.723802542091374e-6
3.6926043984498407e-6
3.6618130822548253e-6
3.63142339205535e-6
3.6014287769162945e-6
3.571825163357792e-6
3.542605832132032e-6
3.5137668106211134e-6
3.4853019858390956e-6
3.457205681922866e-6
3.4294742267588863e-6
3.402101247395795e-6
3.3750816284878803e-6
3.3484119675493338e-6
3.322084629813223e-6
3.2960976446963145e-6
3.2704439533887802e-6
3.245118847285721e-6
3.2201190507264055e-6
3.1954393876299725e-6
3.171073946457684e-6
3.1470194233716013e-6
3.123271323837946e-6
3.099824056482844e-6
3.0766740512017528e-6
3.0538174153299804e-6
3.0312488027340757e-6
3.0089633835877127e-6
2.986959941875434e-6
2.9652310326598157e-6
2.9437734291233265e-6
2.922584616309093e-6
2.9016577041650016e-6
2.880993241857174e-6
2.8605814341541676e-6
2.8404242188457344e-6
2.8205139313426233e-6
2.800848262395151e-6
2.7814229482214644e-6
2.7622360370892817e-6
2.743281709220153e-6
2.7245575890561675e-6
2.7060607049317506e-6
2.687785465369732e-6
2.6697317788935807e-6
2.651893293268477e-6
2.6342683736121307e-6
2.616853812982275e-6
2.5996455168722165e-6
2.58264071620629e-6
2.565836479393114e-6
2.5492304030968e-6
2.5328183954562522e-6
2.5165969301457484e-6
2.5005662186983654e-6
2.48471941225439e-6
2.4690565637335965e-6
2.4535731664828257e-6
2.4382684981564807e-6
2.423136442282821e-6
2.4081789337114206e-6
2.393389054305455e-6
2.3787677004769432e-6
2.3643088495841374e-6
2.3500135427833002e-6
2.335877747369525e-6
2.321897736096942e-6
2.308073476522923e-6
2.294401451517144e-6
2.2808793982525713e-6
2.267504760006482e-6
2.25427764229797e-6
2.2411909218011075e-6
2.2282488712580275e-6
2.2154426584356455e-6
2.202776940981631e-6
2.1902435113991784e-6
2.177845078192455e-6
2.1655761252818178e-6
2.1534379596796234e-6
2.141426242401051e-6
2.129539195612818e-6
2.1177771819941613e-6
2.1061358271348435e-6
2.094615141008845e-6
2.0832118700632673e-6
2.071925201299295e-6
2.060753418198639e-6
2.0496951539134104e-6
2.038747564743586e-6
2.027910543083102e-6
2.0171804038750876e-6
2.006559181127199e-6
1.996040531984455e-6
1.985628068466042e-6
1.9753154284335767e-6
1.965105160953629e-6
1.9549929609045717e-6
1.944979059531696e-6
1.9350626626659345e-6
1.925239082436874e-6
1.915511841933643e-6
1.9058744467223576e-6
1.8963307871609085e-6
1.8868743986686065e-6
1.8775092290675703e-6
1.8682294448237034e-6
1.859036919177625e-6
1.8499286131992365e-6
1.840904898131351e-6
1.831963688864e-6
1.8231032563009952e-6
1.8143245871534304e-6
1.8056238869211057e-6
1.7970024094824624e-6
1.7884579751038956e-6
1.779988940229246e-6
1.7715961436174195e-6
1.7632770158034826e-6
1.7550311987788407e-6
1.7468567948242576e-6
1.7387547213261218e-6
1.730722463683503e-6
1.7227597334330655e-6
1.7148653069416108e-6
1.7070379908804131e-6
1.6992781580253233e-6
1.6915842516865272e-6
1.6839542552543583e-6
1.6763893869289885e-6
1.6688876839819711e-6
1.6614483386802815e-6
1.6540708806113803e-6
1.6467542047449711e-6
1.6394972420829964e-6
1.632301125495856e-6
1.6251619352355137e-6
1.6180818168602673e-6
1.6110587649860864e-6
1.6040920683406964e-6
1.5971813611466152e-6
1.590325627785747e-6
1.5835245262596342e-6
1.5767770613033481e-6
1.5700831762165276e-6
1.563440704992971e-6
1.5568511122935284e-6
1.5503126144227302e-6
1.5438252300922647e-6
1.5373864402284145e-6
1.5309982433302924e-6
1.524658752815071e-6
1.51836738624117e-6
1.51212391973654e-6
1.505928098120322e-6
1.4997774445851297e-6
1.4936746728544703e-6
1.4876156633403022e-6
1.4816028421283484e-6
1.475634647245596e-6
1.4697099993346374e-6
1.4638288926559115e-6
1.457990987445293e-6
1.4521961011270166e-6
1.4464418102001531e-6
1.4407302807315709e-6
1.4350597280941937e-6
1.4294303359801567e-6
1.4238403541160644e-6
1.4182896763641315e-6
1.4127801983874636e-6
1.4073081299202187e-6
1.4018750926853671e-6
1.396479974539459e-6
1.3911227240624381e-6
1.3858032386461968e-6
1.380519419800567e-6
1.3752729767743973e-6
1.3700623244314419e-6
1.3648875850045503e-6
1.3597486844497708e-6
1.354643271689081e-6
1.3495749949775358e-6
1.344537449432507e-6
1.3395377019291175e-6
1.3345682965470677e-6
1.329633646726909e-6
1.3247323852339148e-6
1.3198624609676405e-6
1.315024619609271e-6
1.3102208595305416e-6
1.3054460534212664e-6
1.3007030792026301e-6
1.295993103875441e-6
1.2913108650161243e-6
1.2866611890328992e-6
1.2820396795443512e-6
1.2774497941624879e-6
1.272888162634162e-6
1.2683565414670574e-6
1.2638522770680194e-6
1.2593785066507192e-6
1.2549318625150206e-6
1.2505134441023385e-6
1.2461230109516206e-6
1.2417605991209883e-6
1.2374245990435754e-6
1.2331157749578178e-6
1.228834180505508e-6
1.2245785982253906e-6
1.2203492948870488e-6
1.2161468872520677e-6
1.211969005610481e-6
1.2078165253348855e-6
1.2036915891731415e-6
1.1995887516938291e-6
1.1955130294881696e-6
1.1914606976717378e-6
1.187432922773482e-6
1.1834295166495808e-6
1.1794505621219163e-6
1.1754944777297938e-6
1.1715620855463965e-6
1.1676541871635786e-6
1.1637671306877225e-6
1.1599044321345553e-6
1.156064972040192e-6
1.1522467452054976e-6
1.1484513899273997e-6
1.1446786488019586e-6
1.1409269524856509e-6
1.1371971526274466e-6
1.1334897995796896e-6
1.129802523879932e-6
1.126136288387617e-6
1.122493336376213e-6
1.1188681628506137e-6
1.1152659503423168e-6
1.111682951061976e-6
1.1081211146075608e-6
1.1045788007032903e-6
1.1010555871300035e-6
1.0975539739850924e-6
1.0940707246405315e-6
1.0906078078813499e-6
1.0871625878125742e-6
1.08373847727016e-6
1.0803327972774972e-6
1.0769450087429502e-6
1.0735757553411101e-6
1.0702273425234943e-6
1.0668942145991937e-6
1.0635816619405203e-6
1.0602859124981746e-6
1.0570089719445983e-6
1.053749207494099e-6
1.0505062187412352e-6
1.0472832901829086e-6
1.0440746180530996e-6
1.0408855408998267e-6
1.0377115518623887e-6
1.0345572370029902e-6
1.0314173476210913e-6
1.0282946876999116e-6
1.0251887960894121e-6
1.0220998445424556e-6
1.0190262869016307e-6
1.0159690683976258e-6
1.0129288384932085e-6
1.0099031982810904e-6
1.006893954001972e-6
1.0039009060873295e-6
1.0009228039488637e-6
9.979592659313487e-7
9.950136552727777e-7
9.92080099594589e-7
9.891640487074383e-7
9.86261681957901e-7
9.833750837375615e-7
9.805023266340945e-7
9.776443825269687e-7
9.748019294765546e-7
9.719725519643532e-7
9.691580997347197e-7
9.66358383554106e-7
9.635718585850914e-7
9.608002476664882e-7
9.580411781104362e-7
9.552976450871627e-7
9.525662950128932e-7
9.498491555756566e-7
9.471460423848938e-7
9.444554096817448e-7
9.417789977730336e-7
9.391141272353239e-7
9.364651838796621e-7
9.338260491892222e-7
9.312023023368618e-7
9.285900740438701e-7
9.259915092549348e-7
9.234046700772276e-7
9.208313158672312e-7
9.182687571377438e-7
9.157214179615077e-7
9.131834462624801e-7
9.106590940957236e-7
9.081472435451327e-7
9.056465036717819e-7
9.031586497905981e-7
9.006817383844006e-7
8.982167934220874e-7
8.957645493396275e-7
8.933225455129223e-7
8.908927218153683e-7
8.884749052492273e-7
8.860675440528766e-7
8.836724313035178e-7
8.812876176724698e-7
8.789149006322492e-7
8.765518731431338e-7
8.742016474397082e-7
8.718607953596327e-7
8.695314415163716e-7
8.672134163698559e-7
8.649051643617105e-7
8.626084978915738e-7
8.603214604361125e-7
8.580458686855386e-7
8.557789965357557e-7
8.535253871990417e-7
8.512787672101198e-7
8.49044911015504e-7
8.468198630743041e-7
8.446058550469516e-7
8.424009237542531e-7
8.402069021258187e-7
8.38022134867831e-7
8.358462768973033e-7
8.336829450953993e-7
8.315259867305845e-7
8.293820011544517e-7
8.272442584717199e-7
8.251185931875885e-7
8.230010208182251e-7
8.208937986957805e-7
8.187949539938237e-7
8.167063413238338e-7
8.146252056390981e-7
8.125561724674179e-7
8.104928804270097e-7
8.084419890904373e-7
8.063970317766152e-7
8.04362472515431e-7
8.023371718807193e-7
8.003197227216654e-7
7.983119969656478e-7
7.963120113436865e-7
7.943216414321597e-7
7.923389020278891e-7
7.903648844645091e-7
7.88400396369113e-7
7.864428916494116e-7
7.844944371593215e-7
7.825556620272565e-7
7.806221847856097e-7
7.786995479659607e-7
7.767837050330273e-7
7.748769648651291e-7
7.72977649246346e-7
7.710854199350477e-7
7.692040050419368e-7
7.673279024046318e-7
7.654602825646491e-7
7.636015531322312e-7
7.617491437973293e-7
7.599051523628476e-7
7.580694183255626e-7
7.562411553211738e-7
7.544194409587744e-7
7.52605162588708e-7
7.508010004562353e-7
7.490016656148562e-7
7.472111598002835e-7
7.454273720830675e-7
7.436499663163088e-7
7.41882719861261e-7
7.401192672053764e-7
7.383656774908876e-7
7.366186504335022e-7
7.348776804011683e-7
7.331444766648138e-7
7.31418879295993e-7
7.296992919721156e-7
7.279876541867017e-7
7.262819439816176e-7
7.245841041394505e-7
7.228912993005373e-7
7.212083545796155e-7
7.195294927051785e-7
7.178579599015635e-7
7.161945106914391e-7
7.145350502956312e-7
7.128847104812029e-7
7.112403294209515e-7
7.096013979108066e-7
7.079696537147067e-7
7.063449365233519e-7
7.047256391601206e-7
7.031137259468267e-7
7.015071588894262e-7
6.999070855017536e-7
6.983143754302712e-7
6.967272077885746e-7
6.951448511932459e-7
6.935717654400297e-7
6.920016089207729e-7
6.904399295883614e-7
6.888826209570545e-7
6.873320485232323e-7
6.857888772379576e-7
6.842485598303787e-7
6.827169001893841e-7
6.811896975532927e-7
6.796693749546401e-7
6.781538772829395e-7
6.766451966372832e-7
6.751412758691521e-7
6.736432797029242e-7
6.721520959361484e-7
6.706658817283835e-7
6.691839043730266e-7
6.677106822432529e-7
6.662397989599432e-7
6.647768778268817e-7
6.633177622909055e-7
6.618648554861038e-7
6.604188315800246e-7
6.589750929056875e-7
6.575395190790463e-7
6.561078621212609e-7
6.546825773524709e-7
6.532615908795542e-7
6.518469208895749e-7
6.504364912872203e-7
6.490314828100212e-7
6.476328010914962e-7
6.462385807295009e-7
6.448492637439221e-7
6.434640721585224e-7
6.420869827930996e-7
6.407113415532201e-7
6.393443728972462e-7
6.379787942077152e-7
6.366209946816436e-7
6.352675314875912e-7
6.33917882429851e-7
6.325738742784325e-7
6.312353433861547e-7
6.299006419893253e-7
6.285718142953403e-7
6.272467645480655e-7
6.259275399691311e-7
6.246120424086525e-7
6.233023220856463e-7
6.219966160889076e-7
6.206954411157235e-7
6.193989414640202e-7
6.181082218961042e-7
6.168213880731501e-7
6.155377025801458e-7
6.142618139119448e-7
6.1298679627654e-7
6.117191270569572e-7
6.104553222340007e-7
6.091948535287107e-7
6.079395792902403e-7
6.066901929961128e-7
6.054419789151025e-7
6.042009894000904e-7
6.029632067614918e-7
6.017296086539035e-7
6.005012045454287e-7
5.992760525528429e-7
5.980562324597108e-7
5.968396203106368e-7
5.956282987323551e-7
5.94420141683847e-7
5.932163686416663e-7
5.920179264451406e-7
5.908228930551592e-7
5.896305274591528e-7
5.884455460921353e-7
5.872617970014487e-7
5.860827672322578e-7
5.849089517340202e-7
5.837375496636375e-7
5.825712553793366e-7
5.814092047323047e-7
5.802497829511942e-7
5.790950683931357e-7
5.779457648342611e-7
5.767970860924013e-7
5.756551854522517e-7
5.745156387764097e-7
5.733810163724886e-7
5.722491701552434e-7
5.71122212246059e-7
5.699979923694866e-7
5.688786256548469e-7
5.677619590209343e-7
5.666501106484512e-7
5.655403925401781e-7
5.644364700815573e-7
5.633352999019766e-7
5.622372018244308e-7
5.611429548487564e-7
5.600535308550271e-7
5.589660873224793e-7
5.578838995462687e-7
5.568036557421858e-7
5.557286360912969e-7
5.546555242196198e-7
5.535876054244363e-7
5.525215584724071e-7
5.514597867493462e-7
5.504030038237886e-7
5.493463515063894e-7
5.48296084965612e-7
5.472480632155976e-7
5.462041922813847e-7
5.451623560751224e-7
5.441246860010147e-7
5.430910072282133e-7
5.420596088675193e-7
5.410326418677802e-7
5.400079229688937e-7
5.389876058408619e-7
5.379686106704766e-7
5.369562715638561e-7
5.359442543979778e-7
5.349370535305629e-7
5.339320061997897e-7
5.329303770023677e-7
5.319335149387691e-7
5.309378144995744e-7
5.299457759064566e-7
5.289581096781233e-7
5.279719166305722e-7
5.269905440202151e-7
5.260106138485831e-7
5.250354779142685e-7
5.240617540893703e-7
5.230927988192893e-7
5.221252254359782e-7
5.211614913756468e-7
5.202023222175254e-7
5.192427729784954e-7
5.182892199688315e-7
5.173370903965134e-7
5.163890468935854e-7
5.154441407970714e-7
5.144997096670983e-7
5.135610286499991e-7
5.12623700247237e-7
5.116903951728647e-7
5.107588949052669e-7
5.098313934975528e-7
5.089056700667908e-7
5.079839212022889e-7
5.070630117442329e-7
5.061483825901381e-7
5.052335772208634e-7
5.043231812380551e-7
5.034144843816357e-7
5.025087763278947e-7
5.016074382972933e-7
5.007067940898879e-7
4.998093960347335e-7
4.989159744842334e-7
4.980244885527459e-7
4.971341795131352e-7
4.962500399544727e-7
4.953646524057315e-7
4.944859004272624e-7
4.936058727641448e-7
4.92732462242392e-7
4.918577483289335e-7
4.909887114893929e-7
4.901216214434933e-7
4.892559102332978e-7
4.883936107958328e-7
4.875354616036002e-7
4.866767790137321e-7
4.858224259324105e-7
4.849710748488549e-7
4.841211535672806e-7
4.832758215629596e-7
4.824295284971914e-7
4.815888110543817e-7
4.807489873583022e-7
4.799127859281349e-7
4.790779464587603e-7
4.782467094800806e-7
4.774168123458723e-7
4.7659049820579413e-7
4.75765501866461e-7
4.749440691793025e-7
4.741233662004633e-7
4.7330728921900567e-7
4.724926076349985e-7
4.7167968390983156e-7
4.708702765093452e-7
4.7006117694219143e-7
4.692579652970357e-7
4.6845402402199006e-7
4.6765312044009156e-7
4.668558131028016e-7
4.6606001146755924e-7
4.65264948507906e-7
4.6447572766746037e-7
4.636847691349936e-7
4.6290013488605857e-7
4.621137393128419e-7
4.6133365396901933e-7
4.6055215363032905e-7
4.597756356167826e-7
4.5899939577348147e-7
4.5822715605359045e-7
4.5745536946720204e-7
4.5668662280208316e-7
4.559216677297345e-7
4.551553490813352e-7
4.543943328711976e-7
4.536338487278137e-7
4.5287762490730064e-7
4.521199941719932e-7
4.513676377860544e-7
4.5061577503195095e-7
4.498671931550826e-7
4.4912090982639637e-7
4.483741403501364e-7
4.476324140020797e-7
4.468911338073223e-7
4.4615309524503235e-7
4.454159882150503e-7
4.446821073452305e-7
4.439491404187413e-7
4.432193841537573e-7
4.4249052413228117e-7
4.4176485990105163e-7
4.41039119030337e-7
4.403190015244657e-7
4.395977502661508e-7
4.388801713780406e-7
4.3816343712627946e-7
4.374498540248654e-7
4.3673651530503027e-7
4.360274290504027e-7
4.353192713135824e-7
4.3461242426453326e-7
4.3390773199768355e-7
4.3320628204715375e-7
4.325059263546742e-7
4.3180588791038525e-7
4.3111139705920547e-7
4.304146862354849e-7
4.2972402236775793e-7
4.2903208336403063e-7
4.283427505849636e-7
4.2765660631224533e-7
4.2697052700951416e-7
4.262885128747008e-7
4.256052018261615e-7
4.249267346823999e-7
4.242494032839443e-7
4.2357260849880967e-7
4.228994703444035e-7
4.2222633980741626e-7
4.2155588425547347e-7
4.2088887071138955e-7
4.2022001032700816e-7
4.1955615158465686e-7
4.188933695489294e-7
4.182310625868499e-7
4.175713922790795e-7
4.1691415442509304e-7
4.1625750725121335e-7
4.1560477038506047e-7
4.149504981447801e-7
4.142998305503135e-7
4.136513612845841e-7
4.1300344634977676e-7
4.123584374122979e-7
4.1171396864253597e-7
4.110723939367456e-7
4.1043134552271955e-7
4.097931793495945e-7
4.0915552543917336e-7
4.0852074240950057e-7
4.078864576718751e-7
4.0725503236163694e-7
4.066240917750395e-7
4.059959989881489e-7
4.0536876120706265e-7
4.04742993937421e-7
4.0411985406513773e-7
4.034971652371563e-7
4.0287729638797503e-7
4.0225688030217187e-7
4.0164179358840995e-7
4.010250710487454e-7
4.004116703369248e-7
3.9979868101830295e-7
3.99187491937882e-7
3.985792282279933e-7
3.97971675837351e-7
3.9736404482790484e-7
3.967617114586498e-7
3.961576818797292e-7
3.955559436591294e-7
3.9495748767194406e-7
3.943583278480457e-7
3.9376123817094527e-7
3.9316702890874886e-7
3.925724816790272e-7
3.91981332687375e-7
3.9138983264052e-7
3.9080172163935696e-7
3.9021324665898064e-7
3.8962815166468866e-7
3.890426798221712e-7
3.884605792358894e-7
3.878780887685105e-7
3.8729896101104173e-7
3.867194306917378e-7
3.8614364367958805e-7
3.8556605450006073e-7
3.8499301451716246e-7
3.8442069361818447e-7
3.838484700278172e-7
3.832785783473999e-7
3.8271180386914325e-7
3.821426929617386e-7
3.8157831708427855e-7
3.810136245273416e-7
3.8045256487658416e-7
3.7988914094512693e-7
3.793304385748418e-7
3.787713957637544e-7
3.7821597016338636e-7
3.776581528525014e-7
3.771050438982528e-7
3.7655196378956604e-7
3.7600007999546896e-7
3.7545057766009094e-7
3.7490123020440865e-7
3.7435446429791034e-7
3.738088521270589e-7
3.732632287735922e-7
3.727198528041004e-7
3.7217850448135693e-7
3.7163727899389653e-7
3.7109861008648e-7
3.7056005371608937e-7
3.700240455340883e-7
3.694881394297344e-7
3.689547736564104e-7
3.684218947497845e-7
3.678901405367584e-7
3.673596889214374e-7
3.668319132980077e-7
3.663045314670241e-7
3.6577775652364836e-7
3.6525349419675394e-7
3.6472928813299754e-7
3.642075867450149e-7
3.636859320791914e-7
3.6316575507857506e-7
3.6264822473527383e-7
3.621310484606233e-7
3.6161444188913687e-7
3.6109929613881765e-7
3.605867825266643e-7
3.600746040325028e-7
3.5956337503710755e-7
3.5905217188556814e-7
3.5854584024396877e-7
3.5803735825765503e-7
3.5753085287397004e-7
3.5702695514576016e-7
3.56523359623105e-7
3.560192585111254e-7
3.5552022693603983e-7
3.5501901051933667e-7
3.545197482644816e-7
3.5402307325930444e-7
3.535256448922561e-7
3.5303134456604463e-7
3.525373102125001e-7
3.5204313233824895e-7
3.515525788535345e-7
3.5106103346231043e-7
3.5057260159809834e-7
3.5008338135636196e-7
3.4959726866161547e-7
3.491103581584715e-7
3.486265493006792e-7
3.4814193306276537e-7
3.476593786042242e-7
3.471796908459579e-7
3.4669724012601806e-7
3.4622037003938434e-7
3.4574017466314513e-7
3.4526452013268633e-7
3.447892206769694e-7
3.443136283662213e-7
3.4384047554954493e-7
3.4336872739281346e-7
3.4289645779014626e-7
3.4242621486588817e-7
3.4195880591144655e-7
3.414885738099586e-7
3.4102286407631167e-7
3.4055747356511637e-7
3.4009175116334456e-7
3.3962803669904623e-7
3.3916609676149433e-7
3.3870501607870574e-7
3.3824358668728357e-7
3.377841530865899e-7
3.3732648114307854e-7
3.368690156576171e-7
3.3641241468786773e-7
3.3595895223475577e-7
3.35502598011938e-7
3.3505074160622536e-7
3.345981071678617e-7
3.34147770933043e-7
3.3369720690829096e-7
3.332489353516326e-7
3.3280042872790997e-7
3.323552583334435e-7
3.319071550412189e-7
3.314635354003595e-7
3.310191050529249e-7
3.305769506174183e-7
3.3013453780630924e-7
3.296943954652629e-7
3.292543964217489e-7
3.2881520441280126e-7
3.28378056839232e-7
3.2794063210651664e-7
3.275054646034827e-7
3.270700127303824e-7
3.266368128280245e-7
3.262022651429762e-7
3.257726714780139e-7
3.253405620287181e-7
3.249112582587778e-7
3.244816483690553e-7
3.240542752524299e-7
3.2362658861475884e-7
3.232011340307837e-7
3.227757704900614e-7
3.2235010594484596e-7
3.219291644104625e-7
3.2150566576741664e-7
3.2108495274710215e-7
3.206639014368045e-7
3.202440023344484e-7
3.1982648221125253e-7
3.1940894102721374e-7
3.1899161523452146e-7
3.185764946536718e-7
3.1815995020796577e-7
3.1774833663418876e-7
3.1733412105551143e-7
3.1692160375040856e-7
3.1651144822136076e-7
3.161012445030223e-7
3.15691645814623e-7
3.152816878730775e-7
3.148764321773098e-7
3.144685436431295e-7
3.1406233617375753e-7
3.1365847547590143e-7
3.1325454399652467e-7
3.128497105579165e-7
3.1244979432347613e-7
3.120461479759137e-7
3.11647989138386e-7
3.1124716363735313e-7
3.1084799998830735e-7
3.1045116700237246e-7
3.100531633252362e-7
3.096584766797772e-7
3.0926112575693623e-7
3.088690349872166e-7
3.0847424828810625e-7
3.0808110716936914e-7
3.076902830182749e-7
3.0729826333451735e-7
3.0690913194041013e-7
3.065187981099279e-7
3.0613134942734085e-7
3.0574269123824936e-7
3.053558352959268e-7
3.0497161195316785e-7
3.0458414829480077e-7
3.042021605608255e-7
3.038163461695049e-7
3.0343600686127786e-7
3.0305225196386867e-7
3.0267139138398154e-7
3.022929268005561e-7
3.019111921485742e-7
3.015349301607375e-7
3.0115481054354993e-7
3.0077907747399674e-7
3.004033468913779e-7
3.0002693599265577e-7
2.9965229756829667e-7
2.992802661386985e-7
2.989049314410556e-7
2.985339783761306e-7
2.9816301147914836e-7
2.9779134605379425e-7
2.974218640804e-7
2.970534735090444e-7
2.9668414964836984e-7
2.9631658131986715e-7
2.9595051432000255e-7
2.9558499813328183e-7
2.9521876243236376e-7
2.9485427543458594e-7
2.944912812477468e-7
2.941288291703003e-7
2.9376564548285166e-7
2.934042033507721e-7
2.930442463745322e-7
2.926837265477977e-7
2.9232527385620883e-7
2.919673486757873e-7
2.9160867528416437e-7
2.9125215783979876e-7
2.9089559832434354e-7
2.905408699456144e-7
2.90185559832852e-7
2.8983340377272455e-7
2.894778417889739e-7
2.891266421107347e-7
2.887742620625091e-7
2.8842393086249797e-7
2.880730018786793e-7
2.877241186344681e-7
2.873746323458044e-7
2.8702718856222443e-7
2.8667913679561986e-7
2.863331245707395e-7
2.859869261519065e-7
2.856423439405946e-7
2.852967348314439e-7
2.8495282684142035e-7
2.8461035937682763e-7
2.842672658015883e-7
2.839262009133436e-7
2.8358450486012684e-7
2.8324483434774466e-7
2.8290452784592554e-7
2.825662438993559e-7
2.822273186860029e-7
2.8188930438510597e-7
2.815534900401262e-7
2.812173592007145e-7
2.808811713531754e-7
2.8054699783078423e-7
2.8021259839345103e-7
2.798786760318887e-7
2.795465331317509e-7
2.792137268390826e-7
2.788829277491634e-7
2.785514605592664e-7
2.782219975142213e-7
2.7789074744225683e-7
2.775643586773582e-7
2.7723494721057975e-7
2.7690813158772954e-7
2.765806337885744e-7
2.762551318867652e-7
2.7592894298217624e-7
2.756036304485123e-7
2.752809261507144e-7
2.7495631807807956e-7
2.746340664782328e-7
2.7431111622300546e-7
2.739901528834157e-7
2.736673661284141e-7
2.7334943851498144e-7
2.7302844541389574e-7
2.7271003427969655e-7
2.7238978885623945e-7
2.720744022570423e-7
2.717559370981159e-7
2.71440050117602e-7
2.7112231800837165e-7
2.708094442679967e-7
2.7049347928505936e-7
2.701800883419648e-7
2.6986527693580696e-7
2.695537707138936e-7
2.6924163046981114e-7
2.6892822986709296e-7
2.686196869253202e-7
2.6830803075384625e-7
2.679989416496731e-7
2.676879788055363e-7
2.6738187373331647e-7
2.670726420788892e-7
2.6676484523828057e-7
2.6645919333929064e-7
2.66151989189188e-7
2.6584753420646123e-7
2.655426528672233e-7
2.652369204314302e-7
2.6493448443754084e-7
2.646313813768335e-7
2.643269828628325e-7
2.6402744195270676e-7
2.6372360731796303e-7
2.63425238156329e-7
2.6312370282939494e-7
2.628235851266392e-7
2.6252559991911675e-7
2.622260302002453e-7
2.619291999275831e-7
2.6163078006566244e-7
2.6133509847531533e-7
2.6103782252741465e-7
2.607432835530293e-7
2.6044828386140905e-7
2.601523970964573e-7
2.5985979848497e-7
2.595653568576639e-7
2.5927364905695796e-7
2.589803297370417e-7
2.586897429310393e-7
2.58397540080476e-7
2.581080684778531e-7
2.5781697584505264e-7
2.5752861326185246e-7
2.572386252935246e-7
2.56950222195185e-7
2.566642703633005e-7
2.563745530795181e-7
2.56090310414954e-7
2.5580212451438085e-7
2.5551783448885514e-7
2.552316653541362e-7
2.5494822037350346e-7
2.546631293221002e-7
2.543796142993904e-7
2.5409854350356785e-7
2.5381367963746283e-7
2.535342942838298e-7
2.5325049340016664e-7
2.529710224199584e-7
2.526912325950258e-7
2.524103948710186e-7
2.5213112576792264e-7
2.5185429533756e-7
2.5157364732002256e-7
2.5129848209784213e-7
2.510193202465129e-7
2.5074289961083327e-7
2.504686749574931e-7
2.501906181072676e-7
2.4991689191021234e-7
2.496428280243477e-7
2.4936769461090395e-7
2.4909411976491567e-7
2.4882181983407097e-7
2.485497960897558e-7
2.482766951704689e-7
2.4800514905397727e-7
2.4773603144164316e-7
2.474630522541082e-7
2.4719440470191754e-7
2.4692469172227263e-7
2.466564294005574e-7
2.463868358945547e-7
2.461187911627794e-7
2.4585317054177636e-7
2.455836679583336e-7
2.453184980517094e-7
2.4505180099758697e-7
2.4478698735004615e-7
2.445224293762512e-7
2.442567656447386e-7
2.4399264395528737e-7
2.437297777456855e-7
2.4346716203295596e-7
2.432034326980256e-7
2.4294124294301235e-7
2.4268030422536973e-7
2.4241889454708623e-7
2.42158920329146e-7
2.4189758160661935e-7
2.416377780608243e-7
2.4137922068214516e-7
2.411197341733194e-7
2.408621198770954e-7
2.406035725689453e-7
2.403480657685103e-7
2.400886174498883e-7
2.398335061646401e-7
2.395768263560443e-7
2.3932201465589816e-7
2.3906626021255775e-7
2.388123724022893e-7
2.385591632741974e-7
2.3830319102596197e-7
2.3805131402062683e-7
2.3779785547720918e-7
2.3754626013373824e-7
2.372937104610542e-7
2.370430226993846e-7
2.367913772555989e-7
2.3654159262149534e-7
2.3629084722458344e-7
2.3604196075848352e-7
2.3579211081545307e-7
2.355452961720774e-7
2.3529448818554695e-7
2.3504802190839463e-7
2.347999517435451e-7
2.3455373727585645e-7
2.3430700361108e-7
2.3406050000846933e-7
2.3381560525067144e-7
2.335697318398709e-7
2.3332571095866306e-7
2.3308070875028288e-7
2.328375574080166e-7
2.325934217258589e-7
2.3235113593852796e-7
2.3210786256663855e-7
2.3186643800391323e-7
2.3162402255772997e-7
2.3138345487259599e-7
2.3114189323715348e-7
2.309021784537944e-7
2.3066192357907758e-7
2.3042188115914258e-7
2.3018343800965204e-7
2.2994399306363042e-7
2.2970639162339443e-7
2.2946778576028713e-7
2.292310225913417e-7
2.2899206293521138e-7
2.2875800085438293e-7
2.2852041814566104e-7
2.2828531595158242e-7
2.2804920010226368e-7
2.2781492389026886e-7
2.2757963101562563e-7
2.2734617656262994e-7
2.2711170294707837e-7
2.2687906609556112e-7
2.2664586697142592e-7
2.2641286186228465e-7
2.261802514579774e-7
2.2594968314610932e-7
2.2571842834364513e-7
2.254867868986366e-7
2.2525697893601197e-7
2.2502613860602356e-7
2.247971306912477e-7
2.24567087337916e-7
2.2433767923814713e-7
2.2411030957294e-7
2.2388224303340523e-7
2.2365377940789186e-7
2.2342714611278792e-7
2.2319993023164318e-7
2.2297169427099286e-7
2.227481218455094e-7
2.2252096717685688e-7
2.2229628622241587e-7
2.2207055412516373e-7
2.2184664852440626e-7
2.2162048729511985e-7
2.2139924193903664e-7
2.2117440096880925e-7
2.209520321218348e-7
2.207286037841341e-7
2.2050579550427432e-7
2.2028502058428614e-7
2.2006352549952124e-7
2.1984161339298754e-7
2.1962031884875191e-7
2.194015201516876e-7
2.1918033685320542e-7
2.1896137400009455e-7
2.187413388138821e-7
2.1852191690214683e-7
2.1830452535957056e-7
2.1808640122684245e-7
2.178678503781799e-7
2.176499094994024e-7
2.1743399761466648e-7
2.1721734856149832e-7
2.1700026788150987e-7
2.1678379417744807e-7
2.165693482989028e-7
2.163541600423692e-7
2.161377910193767e-7
2.1592468687613305e-7
2.1571058528387472e-7
2.154948317945027e-7
2.1528401239624532e-7
2.150695344133652e-7
2.1485752368087835e-7
2.1464320144276827e-7
2.1443381613327478e-7
2.142207628273912e-7
2.14008961389124e-7
2.1379918425369018e-7
2.135886484074721e-7
2.133764461740324e-7
2.1316918499684946e-7
2.129582432352808e-7
2.1274854994006356e-7
2.1254134854468884e-7
2.1233170503538008e-7
2.1212305505488746e-7
2.119164279215642e-7
2.1170903048354941e-7
2.1149995369901984e-7
2.1129582457042802e-7
2.1108677393392464e-7
2.1088333078114242e-7
2.1067618302790024e-7
2.1047027833233945e-7
2.102663943862679e-7
2.100617307633906e-7
2.0985537655092694e-7
2.096539755314151e-7
2.0944810425475076e-7
2.0924616374175538e-7
2.0904318355114608e-7
2.0883850549260605e-7
2.086387843930449e-7
2.0843410935067987e-7
2.0823505394775937e-7
2.0803103949202498e-7
2.078326470333433e-7
2.0763051796696663e-7
2.0742962530016406e-7
2.0723075016947354e-7
2.0702984904049866e-7
2.0683162811453737e-7
2.0663137812895125e-7
2.0643380877742092e-7
2.0623543760307522e-7
2.0603582288107896e-7
2.0583948280170622e-7
2.0564084985059924e-7
2.0544489793256485e-7
2.052469056100645e-7
2.050515947174471e-7
2.0485424028896236e-7
2.0465956743187372e-7
2.0446284804301162e-7
2.0426881047978354e-7
2.0407272320950026e-7
2.03879318081563e-7
2.0368386033591962e-7
2.0349108444311586e-7
2.0329625329868456e-7
2.0310458009370548e-7
2.0290914745085056e-7
2.027191061458912e-7
2.0252403657359866e-7
2.02334617045639e-7
2.021401647071735e-7
2.019513644394461e-7
2.0175752622335065e-7
2.0156934251258211e-7
2.0137611585837325e-7
2.0118854592617513e-7
2.0099592798851358e-7
2.0080896888074322e-7
2.0061695726446227e-7
2.004306062830787e-7
2.0023919795775622e-7
2.0005220946621812e-7
1.9986508071831353e-7
1.9967482981984704e-7
1.994899869705411e-7
1.993000741814035e-7
1.991158301593475e-7
1.9892651156495895e-7
1.9874161768674936e-7
1.9855609858798976e-7
1.983691585709655e-7
1.981849038517867e-7
1.9799855255563978e-7
1.9781488647512723e-7
1.9762912081171238e-7
1.9744479278567588e-7
1.9726282536837535e-7
1.9707691528996862e-7
1.9689496862950457e-7
1.9671065534265274e-7
1.9652777814621855e-7
1.9634726194821463e-7
1.9616231200526463e-7
1.9598304833082254e-7
1.957986706113481e-7
1.9561872882946211e-7
1.954381457917842e-7
1.9525612159754972e-7
1.9507553161897386e-7
1.9489730263261557e-7
1.9471462313543823e-7
1.9453638385742538e-7
1.943574980663867e-7
1.941771637226958e-7
1.939987455348266e-7
1.9382096159460537e-7
1.9364146491729396e-7
1.9346465755708398e-7
1.9328571663528157e-7
1.9310820773651854e-7
1.9293180177851263e-7
1.927554207725385e-7
1.925775809788782e-7
1.9240117256871514e-7
1.9222712535171367e-7
1.9204859596354377e-7
1.918745180463865e-7
1.9169977994091752e-7
1.9152357596581048e-7
1.9134928697050532e-7
1.9117562576036343e-7
1.910002318210001e-7
1.9082626844086838e-7
1.9065466579784051e-7
1.9047856302217222e-7
1.9030691773282988e-7
1.9013334036891942e-7
1.8996280767120744e-7
1.897877668722141e-7
1.8961718630498113e-7
1.8944593475409126e-7
1.892732018773657e-7
1.891018976282775e-7
1.8893168765107554e-7
1.8876148860030893e-7
1.885898035211306e-7
1.884200340037064e-7
1.8824961428491887e-7
1.880819793770111e-7
1.8790981370467345e-7
1.8774211648577619e-7
1.875724687940152e-7
1.874058702856245e-7
1.8723473254471988e-7
1.8706806704675727e-7
1.868994457696766e-7
1.8673387490817393e-7
1.8656375661859916e-7
1.8639811412329093e-7
1.862305101962659e-7
1.8606595846830646e-7
1.8589734077345887e-7
1.8573145084416794e-7
1.8556638401741653e-7
1.8540004078771665e-7
1.852367498422443e-7
1.8506889458354986e-7
1.849055210024778e-7
1.8474017594737273e-7
1.84576608197322e-7
1.8441303516614937e-7
1.8424794782202455e-7
1.8408428497407028e-7
1.839217071697101e-7
1.8375784286420064e-7
1.835970344208226e-7
1.8343164190043048e-7
1.8327073844521108e-7
1.8310834393156099e-7
1.8294596707963183e-7
1.8278638096770564e-7
1.8262220098358407e-7
1.824625145377422e-7
1.8230083860740005e-7
1.821409391291965e-7
1.8197974254932523e-7
1.8182160513921987e-7
1.816588620281114e-7
1.815006173033656e-7
1.8134037636245328e-7
1.8118191125549304e-7
1.810221435355832e-7
1.80864151198798e-7
1.8070663465057517e-7
1.8054581312228664e-7
1.8038922816207914e-7
1.8023063885298516e-7
1.8007382535201572e-7
1.7991570228854732e-7
1.7975935474544164e-7
1.7960298486749016e-7
1.7944506949126877e-7
1.7928857551914438e-7
1.7913315834687186e-7
1.7897642622917875e-7
1.7882146944922365e-7
1.7866519629466388e-7
1.785106981500359e-7
1.7835488185075145e-7
1.7820213267382916e-7
1.7804522933156434e-7
1.7789106836366412e-7
1.777377131847016e-7
1.7758303487516212e-7
1.7743013125092506e-7
1.7727590360826185e-7
1.771234503772912e-7
1.7696967073790694e-7
1.7681766625522545e-7
1.766643332807698e-7
1.765140713161113e-7
1.7635913903124583e-7
1.762087322431366e-7
1.76056290930937e-7
1.7590562467503565e-7
1.7575412219704458e-7
1.756026129188133e-7
1.754526077224637e-7
1.7530126657192607e-7
1.751517003424983e-7
1.7500079568964538e-7
1.7485166628833768e-7
1.7470119670350072e-7
1.745525022417596e-7
1.7440246628384754e-7
1.7425550672588135e-7
1.7410384832862897e-7
1.7395672865195522e-7
1.7380755734985407e-7
1.7366016132427424e-7
1.7351141777185073e-7
1.7336444931052636e-7
1.7321663276951818e-7
1.7306879964169634e-7
1.7292247102357365e-7
1.7277479031500442e-7
1.7262888476372406e-7
1.7248162640030482e-7
1.7233614306904126e-7
1.721893046732045e-7
1.7204424186096963e-7
1.7189782218508206e-7
1.7175317808421855e-7
1.7160717544155826e-7
1.7146294823069538e-7
1.713173613589006e-7
1.7117354920703875e-7
1.7102887866724856e-7
1.7088418485175552e-7
1.707409939447218e-7
1.7059643877424283e-7
1.7045365913322902e-7
1.7030951344695798e-7
1.701671433818804e-7
1.7002340620337733e-7
1.698814438376091e-7
1.6973811281097003e-7
1.6959655752020961e-7
1.6945363069084834e-7
1.6931248032643074e-7
1.6916995676178297e-7
1.6902920948828018e-7
1.6888708799900913e-7
1.6874674170463166e-7
1.6860552504015515e-7
1.684642769803621e-7
1.683245318380193e-7
1.6818209030652862e-7
1.6804482162626512e-7
1.6790337491285948e-7
1.6776441930579907e-7
1.6762408226106675e-7
1.674855215293735e-7
1.673455780614001e-7
1.6720741071707485e-7
1.6706785875276502e-7
1.669300833172931e-7
1.6679092101618831e-7
1.6665353607775113e-7
1.6651526886982155e-7
1.6637696524663732e-7
1.6624016259266e-7
1.661019694869343e-7
1.6596555325978258e-7
1.6582642123921834e-7
1.6569247945117302e-7
1.6555433136218357e-7
1.654186791509218e-7
1.6528163175790946e-7
1.6514636146992824e-7
1.650096946173651e-7
1.648748046979228e-7
1.647385168264572e-7
1.646040058349174e-7
1.6446809502021186e-7
1.6433396155661665e-7
1.641976077494277e-7
1.6406463372364243e-7
1.6393033975096043e-7
1.6379536195851194e-7
1.6366216278464786e-7
1.6352755778590326e-7
1.6339473105945863e-7
1.6326049700057008e-7
1.631280410018168e-7
1.6299284532841135e-7
1.6286286115492632e-7
1.6272863743861482e-7
1.6259691493403836e-7
1.624637811569423e-7
1.6233242604683995e-7
1.6220016786904064e-7
1.6206786006470491e-7
1.6193571919616797e-7
1.6180560335195225e-7
1.616744306890819e-7
1.615425657269031e-7
1.6141248013944689e-7
1.6128097552533048e-7
1.6115125017417276e-7
1.610187685050166e-7
1.6089151373680759e-7
1.6075999542655362e-7
1.6063098330088547e-7
1.6050054774243098e-7
1.6037189262986909e-7
1.602418118286202e-7
1.601121728718986e-7
1.5998507452302814e-7
1.598550718089397e-7
1.5972729854518805e-7
1.5959809641588643e-7
1.5947067513376267e-7
1.593404820639792e-7
1.5921553011346655e-7
1.5908629395236298e-7
1.589595682696747e-7
1.588314088786503e-7
1.5870503143615195e-7
1.5857587522263965e-7
1.584519668681181e-7
1.5832376445311903e-7
1.581980745786844e-7
1.580714618331613e-7
1.5794344161403688e-7
1.5782039323766063e-7
1.576930444681062e-7
1.5756820854526395e-7
1.5744193155594388e-7
1.573160904342085e-7
1.5719228103127027e-7
1.570673893317121e-7
1.5694178581596112e-7
1.568179651871993e-7
1.5669134983715636e-7
1.565699977990343e-7
1.564443292466807e-7
1.5632117729663676e-7
1.5619657673979683e-7
1.5607240963892452e-7
1.5595079381903947e-7
1.5582623609119103e-7
1.557039152793066e-7
1.555801418094028e-7
1.5545680065821917e-7
1.553354946617783e-7
1.552130959760292e-7
1.5508997716327427e-7
1.5496728965653445e-7
1.548466387271613e-7
1.5472489166799502e-7
1.54602423216153e-7
1.544817397284919e-7
1.5435824158845246e-7
1.5424002583519375e-7
1.541179845812147e-7
1.5399660592761105e-7
1.5387537431842187e-7
1.5375618037929583e-7
1.5363588504070212e-7
1.5351486302423384e-7
1.5339426999116423e-7
1.5327571494527058e-7
1.5315605664027159e-7
1.5303566926271705e-7
1.5291570930992043e-7
1.5279778953393579e-7
1.5267876285985152e-7
1.5255900562565152e-7
1.5243967521273766e-7
1.523223850425998e-7
1.522039862376012e-7
1.5208537556528346e-7
1.519653231166648e-7
1.5185029135860455e-7
1.5173088341949428e-7
1.5161264251677315e-7
1.514964440866325e-7
1.5137913123558987e-7
1.5126108308640748e-7
1.5114345882712014e-7
1.5102787795713426e-7
1.5091118033940434e-7
1.5079237929970105e-7
1.5067889341709637e-7
1.5056101724810352e-7
1.5044567421304541e-7
1.5032800414240753e-7
1.50213778424644e-7
1.5009814625428075e-7
1.4998040471041903e-7
1.49867986471844e-7
1.4975116615124535e-7
1.496368831305871e-7
1.4951974086834566e-7
1.494079264821012e-7
1.4929170455877726e-7
1.4917664960828455e-7
1.49063642276304e-7
1.4894950743215653e-7
1.4883325417632313e-7
1.4872233555603165e-7
1.4860700070902389e-7
1.484928323012588e-7
1.483812395278075e-7
1.482666316595831e-7
1.481542785998445e-7
1.4803905327589647e-7
1.4792916977915433e-7
1.478148596015747e-7
1.4770171690577617e-7
1.47590624229431e-7
1.4747839660132264e-7
1.4736403943718105e-7
1.4725503048613111e-7
1.4714158679010007e-7
1.4702931027625252e-7
1.4691908599044294e-7
1.468077219830777e-7
1.4669475197861743e-7
1.46585246498408e-7
1.4647431214895285e-7
1.4636124173559814e-7
1.4625352907090822e-7
1.4614136822436947e-7
1.4603037499916356e-7
1.4592143592547645e-7
1.458113521060601e-7
1.4569912729902984e-7
1.45592266542003e-7
1.454795672811517e-7
1.453729875935854e-7
1.4526194748965915e-7
1.4515207621155324e-7
1.4504426099551997e-7
1.4493529596717555e-7
1.4482471343602987e-7
1.4471760615466357e-7
1.4460905783914772e-7
1.4449836014627522e-7
1.4439303849532946e-7
1.4428185869814553e-7
1.4417681275136893e-7
1.440672907311339e-7
1.4395893746375266e-7
1.4385264309396289e-7
1.4374519235428712e-7
1.4363558573531225e-7
1.4353136400030092e-7
1.4342126982767808e-7
1.4331731977269213e-7
1.4320941415492856e-7
1.4310077157554136e-7
1.4299723067377994e-7
1.4288919753770634e-7
1.4278233322973787e-7
1.4267753107599968e-7
1.4257017436313746e-7
1.4246563912176547e-7
1.4235993924004083e-7
1.4225207322739115e-7
1.4214960677345436e-7
1.420412449093829e-7
1.4193904326107475e-7
1.4183233655160268e-7
1.4172679903297253e-7
1.4162332675458448e-7
1.415172895927543e-7
1.4141461340023617e-7
1.4130885340785786e-7
1.4120397134867246e-7
1.4110115628666538e-7
1.4099577168612752e-7
1.408932164164457e-7
1.4078948726182974e-7
1.4068358100820056e-7
1.4058308991897864e-7
1.4047667709732841e-7
1.4037644494001613e-7
1.4027028649942982e-7
1.4017031210318247e-7
1.4006580831322293e-7
1.3996247398173394e-7
1.3986174576058703e-7
1.3975651728828514e-7
1.3965718656098564e-7
1.3955191764184736e-7
1.394528416199428e-7
1.3934922568797224e-7
1.392467810114009e-7
1.3914640714685954e-7
1.3904344733015612e-7
1.3894332552471226e-7
1.3884061544386639e-7
1.3874074484114708e-7
1.3863968774349702e-7
1.3853643798336686e-7
1.3843862651191247e-7
1.3833485693992203e-7
1.3823729490824882e-7
1.3813430848803412e-7
1.3803560545934232e-7
1.3793401269054778e-7
1.3783526315668894e-7
1.3773532228101966e-7
1.3763318181101077e-7
1.3753648981226436e-7
1.3743382345849568e-7
1.3733737722404053e-7
1.3723495279153673e-7
1.3713875157003403e-7
1.3703656882870343e-7
1.369406115453514e-7
1.36838669663809e-7
1.3674295549308857e-7